2187
4082
1441
6373
4728
7350
4057
7605
8079
6762
8621
8332
2311
3951
7705
784
5561
2372
7557
7873
6077
6759
8097
9816
9637
4541
1266
7900
216
5589
780
138
4354
1720
3872
2710
297
835
4057
8109
3187
312
5041
2381
9319
7922
9305
935
3073
9368
8505
3348
7402
84
9412
486
7446
5924
9152
976
6032
6096
4516
4809
612
1725
6979
3868
7019
625
1401
6739
4060
600
9603
4630
6624
4615
2964
5311
7335
2927
4404
6832
7178
5524
4731
2551
8081
6111
7536
8432
4934
4208
2523
7547
4489
3400
3185
9072
8181
582
3761
9744
5682
2560
3546
8478
1148
5925
5648
3966
213
6721
9039
4093
4151
6736
1279
2530
7405
3558
5401
7666
8450
5231
3240
9530
3417
3714
3171
8937
750
1387
7914
3915
3101
3705
7439
2558
1795
8869
1736
1966
865
2085
2754
1668
1816
2496
920
7487
5185
995
3828
7473
7324
7891
6980
2477
6588
9443
8641
9311
3680
7144
3580
6589
5269
9211
1802
4124
1147
5584
242
455
2357
2933
8612
1947
4581
3932
5693
7798
8487
2652
6616
1874
8748
501
8695
4188
7098
563
2322
202
7906
1541
9582
8413
2899
1294
6482
2899
1005
6092
7591
1119
9512
839
6238
7021
4374
60
9510
4384
9974
426
8590
751
1898
9261
743
3008
5339
5786
5198
1315
8044
3386
4921
579
5069
906
4048
2760
689
2769
2078
1728
8290
1652
3511
1439
1267
2247
3692
1477
5141
1557
1133
4751
2398
2722
5663
592
7304
863
2046
977
5158
9374
6005
3127
6460
7734
9163
4517
2127
7577
9408
5057
4715
2724
2104
1147
84
9751
4199
3851
2318
949
8350
378
7857
7326
7861
1909
1815
1979
1434
8285
7832
5786
1112
8338
1817
203
6444
4209
7536
8666
8228
9963
411
143
1945
1784
4865
8642
7166
2364
8200
546
6441
6601
4025
9095
3618
4165
530
2358
185
5422
2794
9558
8701
4571
1482
8241
7066
964
2810
8237
755
1381
2602
8732
6753
5919
3330
1185
7834
8415
6779
8259
1557
2083
9712
1942
4925
1722
703
1192
612
9804
1525
7210
6330
9034
8633
7744
3230
4679
5831
9147
7684
9255
3040
4820
2968
3046
7951
3691
4386
8413
7647
3506
3643
4112
9100
4899
111
3947
9656
9177
1586
8543
1951
3150
7272
1176
6508
1648
8160
3873
925
3833
3280
9609
7381
703
1895
6823
2113
3130
4111
3148
461
4437
1970
7977
3895
2118
447
7985
307
2977
5772
7376
1217
4137
1134
6524
9485
6088
567
9530
6102
5394
287
1780
5809
181
2022
6138
3950
1588
9
8422
8779
7941
2995
7589
9479
102
1846
9827
1178
6295
1322
4502
2916
2052
7701
6686
9235
8706
1259
1259
4121
9276
7784
5647
9644
8558
1164
1269
8047
738
8647
579
7922
2409
8037
6556
454
477
2091
6009
8084
3268
7411
7817
9854
6663
4164
8278
262
5876
8230
6667
6957
3281
5028
1634
7503
2642
8162
6658
2669
2908
9537
2042
1578
2203
5601
5415
635
9985
9143
6380
7977
7840
9775
3842
6825
7322
5124
6765
5437
8247
8797
4754
7500
3095
8682
3478
6368
9672
7344
1977
6367
2778
2368
1315
6268
1489
6287
7165
3054
3259
2834
5795
5105
1619
6872
7096
2299
4037
1516
5386
7698
9667
4075
4216
6157
9527
4515
8226
3288
6697
6829
8288
3068
4612
396
6374
1342
2100
6182
3430
4423
1747
5939
3494
9316
8788
6483
723
3966
3631
2757
694
2812
8255
7894
5142
7016
200
1238
6239
912
6733
5761
3585
1454
8865
5356
9580
4522
140
2399
8298
8974
3088
338
8189
3290
1197
1883
332
1497
6354
7367
9784
9379
8100
7878
2851
613
8932
2204
8419
1950
8764
7077
8323
6652
7274
857
1068
822
3217
8609
2786
9083
6204
2553
2977
5307
500
4598
5690
8244
9268
8505
8600
7136
7563
8212
4056
2236
9121
2637
6216
7484
8814
9201
4351
8541
7767
9611
1518
860
4906
8437
2069
1878
6205
4813
425
3711
1554
8252
725
9542
94
9508
8094
7577
970
5800
5164
5317
3752
7936
4389
8657
8874
4348
5980
5147
5088
41
7690
8083
3057
7602
3788
3703
7788
8457
4718
5214
3487
6422
7365
7177
8903
5583
2531
3335
4153
4105
9511
6344
9233
909
1011
9444
6905
5759
6146
2013
1869
2443
4121
8770
4252
4545
6974
7350
8001
6691
3350
3825
1395
6476
3395
2148
8121
2115
2254
2642
4450
2079
4593
4413
1556
3470
4697
9423
5139
7697
5786
8363
8629
8986
1427
4803
1044
4265
355
9291
4548
8435
3291
1918
9109
9573
9062
4671
826
6359
2616
5491
2395
8004
3139
1677
4601
472
143
1001
7312
5451
7226
9869
2706
7550
766
3661
7489
2787
2355
3519
4716
8946
1429
1934
1966
7897
8775
1410
6916
2980
3351
8544
2798
2878
6500
5662
1831
8646
9822
9418
360
5333
9725
6955
2090
2350
1076
7352
9147
1623
2791
2168
3682
9192
1355
1914
2342
9122
2173
1014
9709
6817
901
2995
4737
4261
5724
4186
7367
9358
9516
2746
5490
1910
9464
958
9894
547
2908
1788
313
6076
3942
432
8975
6476
8276
2728
7509
4709
1984
3041
9341
1816
8858
1170
4956
5202
1556
3207
2145
6920
5556
7425
5416
3542
2325
3500
8813
8404
1823
177
1252
2475
5016
3341
3240
1047
7947
8082
4547
2685
4472
4572
3838
2094
284
9927
2777
5308
1667
3439
3293
4749
3115
4423
6048
2382
8347
8814
2201
2362
9459
8559
9268
3707
9382
1753
4248
7792
1125
4511
9271
3792
1758
9135
9110
6413
9861
4488
7951
2444
5121
2040
1987
3669
9611
8612
339
534
34
1421
2992
6269
2467
1343
7633
2613
7335
4666
7654
3472
2956
6918
6235
2566
2889
1171
655
941
7276
5679
4501
5498
6215
5388
58
1911
4075
6625
4441
4965
8515
9519
4779
8612
1876
2999
5587
1360
8867
298
8697
2254
3592
7505
8725
7336
2145
2638
1855
949
1066
4387
5188
1613
636
6306
1691
2347
547
8996
6009
5364
2917
526
7970
9751
960
832
6641
7605
898
8848
506
1251
3727
4071
8766
4686
5199
9178
5679
190
7542
4332
1508
4494
3768
9601
3423
5259
1916
3558
6972
2442
8224
1072
3629
2991
6302
4979
3045
5564
7277
6964
8561
1143
7371
16
9886
9455
4650
5646
1286
5984
6328
4834
6461
6100
5156
3763
2443
8333
6077
3744
5227
704
7421
7007
2404
740
3334
3942
8549
7708
8780
510
3462
1089
4611
6036
7116
3044
5562
8881
6350
8594
7593
8045
1782
9416
9574
2031
8298
8361
9774
8584
4636
2910
9347
626
1134
5581
9729
6291
2874
4766
3109
1798
3697
6586
6080
3963
1458
2340
1624
6637
269
2924
7583
8949
5177
5682
425
1325
2883
2312
4760
4408
6103
8379
842
672
5172
4739
4774
656
7244
1257
4898
5124
7337
6073
2952
5693
2646
3560
1755
4185
956
1287
3093
5362
1388
2697
3570
5013
3213
97
1634
5911
6502
9152
138
643
6062
2846
2765
6807
1618
5494
5706
1232
343
7095
9718
3186
225
2871
6267
4941
5283
5099
8688
3468
1128
981
3499
1215
4193
2430
1540
3388
1439
3828
2396
4946
4932
9173
6847
1806
7461
8508
6789
4546
6563
7371
8639
9538
8635
3002
5168
2608
4170
1487
7786
3979
3844
3151
5467
1732
3079
1268
6167
1665
5260
9264
2472
2741
798
7632
5170
8319
4974
3428
3564
9778
6661
2030
3597
2374
2123
3241
931
9036
9193
6684
4346
8744
7722
1775
3354
7578
2247
2141
514
6701
9347
6107
9380
2404
5027
2312
1969
1841
5859
565
1142
7016
1957
8071
3479
452
907
59
1883
8056
1511
4329
2872
2441
5216
8748
5201
1754
3656
3521
125
4520
8285
3262
1834
455
6877
3637
7553
700
5021
5097
8796
3869
3354
2671
485
9829
3937
2025
1585
5485
5709
5471
5645
4279
1984
1455
7047
941
5460
1287
3856
9514
2625
656
5473
3702
2418
3278
4476
8824
4403
4917
5492
4391
5182
2110
7360
4930
7206
8730
7756
817
3187
5798
9328
2907
3488
1071
788
3801
2625
3192
1108
3371
5497
9242
2865
9865
3915
3708
4137
2973
4687
8947
7128
6319
8583
8379
5695
3009
7138
2487
7812
2765
3233
5637
57
3195
2857
7029
785
2679
2472
8860
128
3379
4923
6532
3507
1417
4911
3110
4017
2739
2519
9899
6528
9374
2590
2575
4858
8620
1661
4935
6097
2025
4719
8261
5585
3921
258
2553
1093
4672
2977
6394
4173
2426
8736
9989
3822
1740
7912
1541
3834
3314
6052
1508
3442
5259
8586
433
1994
218
2974
3203
1116
2974
9940
509
8671
9460
4597
1890
7160
555
7235
7466
7042
696
3504
9174
7163
8971
2236
6465
2159
4418
2174
5767
1784
9357
3077
634
5862
8018
2015
5443
1068
9202
777
7702
8155
5947
3512
4777
4131
3087
5160
3926
4151
9509
6227
6366
6576
7695
6788
9985
8101
2444
2044
8460
7930
3502
3221
962
7462
6142
2918
6366
8313
9055
4230
4263
3422
3424
3380
3045
9613
8710
7318
563
5924
250
9248
406
9271
8942
9432
1613
4086
8310
24
3626
5182
4277
228
6608
9410
3237
6860
6172
7676
1787
2419
9257
9934
4762
2081
5711
9838
5847
2166
2971
6098
4365
9809
5621
9384
2962
6544
2734
3081
8537
4744
9097
1006
4714
8728
5708
2099
1855
3753
8854
8140
5872
9816
1923
934
7361
6231
3886
735
2138
4976
758
1720
4439
2188
2900
745
1985
3460
7676
8598
2478
805
962
7025
4292
5705
9967
3696
6308
6708
3892
2849
1764
1548
6142
203
2525
3949
4171
7927
1671
8908
1564
382
7585
9402
8619
1348
4693
2331
2638
2998
7851
7079
9101
2864
8941
3265
9569
1218
2044
8647
2861
180
6369
9561
3202
3143
1622
9325
6957
3966
7750
5009
4276
2989
2049
5971
5713
1648
3445
7662
8461
880
6906
1174
8881
4002
6572
3094
8265
2224
7343
2920
4522
4363
5806
9221
3494
4625
3316
7949
8125
8332
127
6681
4118
3756
6145
2382
5375
3494
5353
7381
6161
1228
3026
3898
2231
8383
7082
306
8288
7586
7781
9920
2499
401
2643
9945
3123
1138
175
9686
115
4666
538
9674
3723
7443
1016
629
7052
1197
3977
6232
5857
2499
9658
3098
2102
879
1277
4059
8205
5952
2838
3239
7599
9147
4200
7340
7296
6944
2064
4832
3622
6303
7167
7629
5899
2123
3406
1438
6753
461
9325
6847
613
4764
5852
5359
9703
3291
1950
2473
6761
9283
3755
7972
9958
1155
3173
3832
1398
2389
8909
3490
3135
3508
4646
6538
5325
3643
7354
4274
5973
6686
3389
6977
8134
5871
7951
3233
7266
7114
1109
2182
7340
8386
5674
6257
3505
9440
5314
6963
2684
5593
1775
6198
8629
3471
2360
7512
4090
9467
806
5641
1
2201
1841
9496
5228
6980
6203
3544
8046
2468
4443
6009
3501
6309
1036
7892
2120
1179
7287
4935
3051
7986
1791
7762
6641
3082
603
2321
8921
9299
3465
2475
5148
1797
5105
9626
7182
9796
2616
1852
6323
7474
5158
9129
5140
4949
7882
2486
1778
4938
2204
2762
106
7082
2915
4495
4730
621
1656
4011
6723
1692
1707
3215
8751
8891
53
480
2853
2102
3102
6916
170
1643
7375
6303
7866
6745
4314
79
1176
7288
7929
8884
7794
5401
1941
8677
3177
9598
4248
7359
3504
2973
3668
3343
6402
9362
4469
1985
1272
2227
8101
4537
5915
8647
7199
2947
6391
4681
6806
519
5569
3418
8774
5791
7467
4309
4027
4091
4358
2151
4625
5653
8215
2783
3084
6001
252
6018
6426
3031
4416
9042
9189
9252
8141
159
4413
9597
8370
7822
1893
6853
8470
8218
2732
9393
652
2952
8863
3259
6136
2880
1645
8372
1680
6840
4828
6910
5174
3059
2138
3784
7829
1963
8006
4330
7993
938
3552
3604
3332
3007
1710
3635
7183
3503
9777
5188
750
3786
7272
7435
4631
543
4451
4582
9364
1411
8298
9453
5367
2686
5342
2301
2766
6486
6256
1782
4871
6512
2834
8514
2677
3156
1227
1383
4499
3553
1871
9326
8568
5345
141
4916
9756
6366
1403
8465
6907
7765
8495
4056
3288
5722
687
7294
9587
1420
4012
2351
6430
8266
9690
9149
7980
8966
5475
7658
7003
1273
1884
4776
2323
3943
3960
1662
2447
5732
9004
9326
1820
8792
8788
2645
4112
9919
4804
7059
4365
3348
4176
1052
9654
2815
6303
9294
993
7212
622
3219
2302
2030
7442
5161
2103
6435
5280
3441
7432
5418
1280
1589
1792
7923
2607
7581
648
8262
772
5012
3972
2166
9718
6102
1480
8167
3003
4013
2573
5214
7364
3100
4564
8120
2615
6459
8171
8526
9021
1988
4925
199
5934
2030
3614
3598
681
1032
120
9590
3657
2456
9295
3851
9204
2757
5404
4794
4869
4561
3752
3604
4765
5531
7911
3232
7925
9764
2663
3695
7399
5009
8937
3475
2654
8080
2559
5874
411
8366
9079
743
4970
7512
9255
2154
9572
9473
8713
7329
6197
9012
4665
3559
7489
8554
3021
9052
5875
8525
660
5966
998
4478
4498
1110
344
3988
4699
2582
8188
9223
5101
9953
2670
1724
4020
1371
9516
8977
4184
7331
4963
3324
1161
6798
7496
3407
4366
5895
2649
6846
3578
2675
467
3876
7664
3129
8820
7427
9049
9330
7075
6442
4020
2381
9471
6220
7325
4647
4406
9967
8384
6057
1128
5810
959
3890
2346
7299
4675
3766
9183
8415
5776
7
4820
2651
5517
6483
5418
115
4802
3342
4666
7137
5457
2882
6228
16
8618
2901
1369
2641
8906
6154
3866
5438
3652
409
736
4477
2164
9603
93
4808
6255
6385
370
8986
3390
5053
1155
7196
3021
9619
4152
2690
7295
473
1317
4479
9220
7597
1437
8704
4366
5502
6034
7991
9008
8013
352
5159
7144
7269
6443
4416
8654
6313
9029
5339
7645
5181
3493
6168
6643
937
4325
2149
1204
3865
6794
3331
2323
9047
7402
5828
1635
3373
2472
9911
1434
8902
2787
1063
2647
7557
6817
1824
4022
376
8310
7364
3970
4606
4649
6877
1547
8918
4041
4372
4344
8698
3931
3714
4062
2572
8728
3188
8609
5968
5
9988
5515
1354
2466
2646
2731
3721
7943
1200
5279
4165
8555
7758
8005
757
7752
4293
5486
5732
7756
4182
7668
7540
8753
9589
2446
6803
6639
4234
2513
1950
6367
9367
4938
5891
3875
9100
777
7643
4069
6296
5520
2120
2942
2417
1949
7996
3448
4038
3619
1322
2758
7906
8688
9888
2658
2803
2890
9221
3495
76
7755
4143
4048
9848
799
185
7104
1121
7356
3667
7588
4288
5250
3690
4710
1509
6258
4842
531
8552
2979
4481
1935
609
403
2165
7335
4790
5451
2313
4488
4403
838
9532
6446
47
4372
8610
2304
8140
5130
296
8410
1935
6844
2706
5466
3937
7949
2279
5311
8165
6310
9007
8239
3323
4070
7723
8153
7636
7593
4647
9338
4103
6523
7564
4483
2004
1567
9928
7994
8326
5019
8498
128
3886
86
9704
9652
4574
6758
2683
5014
8323
2691
7550
222
1352
4736
9611
9694
8550
4187
9799
4437
4800
5058
9079
2758
7342
7400
5139
2760
1352
8968
633
8319
1605
2170
6837
4539
2564
1748
3663
4383
9596
4147
3302
9269
8735
4010
2268
2992
7092
9209
5730
7938
6389
6018
150
5087
38
5368
9625
8017
5624
4409
8758
2237
2748
9390
9568
4695
5787
4704
1451
6306
4902
9037
9997
9594
8250
3451
5366
8293
5174
2348
2639
1895
4736
1699
5471
8965
4724
2535
5476
3549
8286
5333
1856
3124
1787
6522
8369
8592
3627
3969
4741
8423
2282
1434
1917
8246
4175
3948
9970
7831
9828
9628
6806
2893
7207
3726
2205
9410
5616
8908
1931
6436
7988
9525
5839
1435
1081
1911
2560
4766
5900
8912
6391
4822
7663
4513
6654
7874
9527
4645
4071
285
1509
2784
7824
3117
9907
6443
4437
5117
4817
9135
471
2126
4880
7488
6315
1305
5344
6845
2006
6281
4997
7156
8952
8807
9327
7163
646
3957
6058
8477
8125
8014
1954
7121
3060
5885
7675
753
417
8462
9553
2506
8654
6131
2316
6287
3053
1624
4406
7251
4346
5641
3743
7350
1905
2898
672
1840
2575
2038
4255
1100
3981
8132
6323
9191
5962
6279
9625
8585
5320
2109
9398
5714
7355
9563
7918
4009
2749
4959
5988
3697
8837
4342
9234
9166
1656
6063
7451
3943
7201
8799
8880
7499
5950
4198
4896
6345
3291
3282
8067
7354
9555
4099
9049
2866
5219
3598
814
4231
1793
326
161
4161
4205
5016
4534
8835
6008
6486
3304
3512
5362
5447
659
914
6968
6220
7537
4415
6814
7638
9587
1037
9384
2758
5554
7168
4208
7781
6102
7089
739
4261
9351
1257
3564
359
6978
2542
3526
1567
4223
5229
2908
4325
9057
2841
7971
6190
1997
5570
9915
3994
6735
1866
6305
4559
9385
7540
5129
1718
381
3742
9834
4212
3868
5009
5034
1436
2640
8566
3100
5154
6856
3947
4534
5075
5042
4102
1288
2548
8382
2154
3754
9832
9103
3096
5974
726
5061
2007
1030
7850
6218
3607
6255
6843
9146
82
7278
6605
3558
7908
4385
3080
1898
6397
5481
2936
1085
2708
3406
182
7450
3918
7268
7159
6717
1775
3741
6164
7759
3233
6576
6986
3222
9891
1336
8034
2967
5779
576
9828
3277
8127
1197
4855
3470
6713
5996
1516
8396
8761
6046
5964
4010
5255
8240
9119
3871
441
3584
3295
7776
6825
8670
7228
4201
8523
8879
5649
8235
4349
216
663
4077
5040
5977
1977
5276
3671
7943
6183
4149
3390
2318
5983
1829
5196
4999
1688
6367
8187
247
2689
4989
264
5832
2282
3466
294
6844
8465
2976
1608
2031
8736
5278
5487
9164
5156
1676
688
3730
8977
7025
7674
5033
5
3189
182
6416
907
5971
2368
4328
6896
2705
5669
4359
4219
6835
3181
118
8
3100
1851
7931
2038
6631
4563
5358
1554
6614
4124
774
3699
9976
7557
8388
9783
9328
1293
7443
1182
5956
1357
6125
7686
5507
5337
1090
6870
8858
4488
7749
256
4105
5711
375
5856
9393
6692
552
4778
6385
9442
874
819
9154
1705
4585
3518
8303
7016
8040
4218
1097
1789
1166
8810
9706
667
8945
3509
2825
2542
4017
8399
6605
6763
7896
1080
9093
9020
5969
7651
710
9514
5303
9802
4983
2571
1679
8624
3290
479
4248
87
9372
9622
833
4931
127
6004
8620
3631
3525
8391
4595
2847
9105
3224
4040
6965
4456
9712
6993
7751
6126
4622
4179
1249
6622
8102
2958
1735
5353
9451
954
1694
5795
768
8976
5467
7786
7564
9660
3404
8953
5180
4850
2918
5228
5182
3966
7295
1253
6267
3168
3565
9822
9683
3704
1358
9200
5568
5871
8697
7908
4644
2518
2005
8583
468
9138
3513
515
8970
3848
9060
9676
1541
1542
8222
5416
132
2307
6990
8451
6131
6503
5565
5809
4260
2318
6395
4885
7729
7560
9040
9490
3105
2149
9590
5760
2218
6256
4149
9570
8487
4585
4127
1157
4361
6663
9278
9067
2978
8078
1034
9289
6080
397
3439
8750
8087
7307
2686
3509
1138
3796
9811
3756
4827
9134
8615
3014
7769
7729
8903
254
4554
5814
6037
1437
4321
6366
5821
4094
6033
5303
7243
2976
1147
715
7787
1196
5540
6505
7697
248
603
1112
3434
6714
8906
7769
3314
3073
2666
2349
8519
1296
4716
6487
3982
8988
5893
963
4037
4601
6249
4086
9033
224
4620
7480
9497
9748
2868
3824
6186
7941
4723
1902
5389
5028
149
8431
3518
4632
6244
4140
5725
1008
6692
7172
1058
6554
9036
3228
7629
7044
5217
2308
2652
481
3578
412
7601
4430
3727
5414
8515
3701
7587
8253
9300
2178
2468
2039
1890
3428
560
5751
1394
5590
5611
3446
7658
5615
7502
7331
1213
7463
6402
3928
4413
7467
3357
623
5884
386
4716
9045
643
6144
2610
4718
8007
5067
4416
5593
3928
2861
6998
5061
6684
6362
5704
6964
7004
6386
6068
9903
5853
5321
1747
6218
8994
8101
8623
4458
7344
9575
6004
3028
5826
7086
8697
7240
9102
4649
4721
8333
7959
3371
5197
8574
3668
4227
9684
2694
3457
3357
534
1737
4597
4131
6765
4227
3908
3576
3990
2420
5894
7383
6238
3452
8456
2615
3008
1459
1089
5298
9518
6652
5143
6902
286
5259
6403
7979
1063
613
5906
1446
4955
551
9709
8061
7144
9082
3964
8284
634
6405
199
8776
403
2484
2989
322
2030
7175
7224
3743
1280
3646
7776
4133
6720
3779
5391
1528
9064
5080
8837
2614
9948
3763
2670
1935
5979
9687
7873
6425
7988
6310
5369
3843
3659
2836
1177
3769
4971
9421
4443
1831
958
9561
9914
6177
7211
6959
354
6675
7552
7159
2340
7556
1617
5717
1406
1857
3775
1027
6106
5399
2043
7886
8502
7792
1341
532
1444
786
7601
1852
1667
996
5841
1351
3981
9490
9961
9013
226
2035
5030
5067
2102
5706
9856
4916
7526
122
139
8629
5809
1341
1512
2117
7604
951
2353
4909
1206
9638
3941
5052
1494
6092
6161
3119
3538
8192
2496
2159
393
6882
4643
2027
1106
5230
2820
6792
2927
5843
7623
1333
3117
4661
4435
4148
8205
1535
4080
5846
4551
8396
9042
7606
4045
6024
8485
8441
1135
7907
5064
4
8222
5606
6942
1807
706
8569
2451
2009
4879
8788
653
8524
5301
8965
1571
8818
3976
4577
5778
999
7328
1102
8973
1185
4817
8656
7861
9742
3229
1299
7242
317
4760
9417
9888
1488
2317
8595
1718
4320
944
1077
1059
2897
8003
4902
3009
2359
6109
8533
8574
9641
9287
7762
833
5461
9593
364
8442
5525
6341
1463
4093
6097
3041
5713
6081
4229
2955
7988
4612
1011
6824
9950
5313
460
1390
9087
1556
6236
2243
1443
6541
6051
4710
5426
5508
8731
7836
6484
6252
3766
9821
5768
1707
8968
5312
1478
9992
966
2468
2628
614
2461
2977
2230
64
4997
1230
6874
6581
7767
3700
3699
2855
7821
6243
4340
6606
4522
5460
6399
3026
9594
8622
3086
9961
3019
4733
3282
1806
5947
3536
9898
5763
4275
6306
8167
3832
9141
8891
5117
8476
5043
3783
9116
8099
5856
2136
6256
2600
522
360
150
6837
7608
7761
5489
4225
2032
4752
8347
5274
9501
4439
5919
7124
8991
5699
7591
9776
3299
8573
2177
5888
4773
5012
5560
5801
7139
5163
7200
6378
5812
6879
129
8701
4024
3389
2088
1963
8417
6961
6251
2629
6963
3521
3851
2784
536
8187
5455
1232
8424
7308
6846
8489
3367
9124
4317
5826
3662
9238
6394
5691
7471
5811
3848
1504
67
3417
5197
5055
7046
7704
7224
9670
2518
7494
1750
6320
8071
1092
4599
3410
1547
4961
3260
6976
4160
1533
9028
982
3498
3872
4568
1012
3971
5467
3939
5545
5808
6895
4166
3011
5254
9774
5547
678
5356
367
3016
7868
9379
5413
4678
4460
3012
6994
7683
5837
4648
9640
2917
5948
5262
337
3952
3836
5176
6767
8153
1294
9095
5702
1548
5298
3465
2409
6155
6269
6287
1746
8712
8587
7476
8598
6005
6102
8171
1704
1722
7815
2024
61
7095
2813
882
6576
5515
4988
8951
6455
9364
5560
8321
4550
1399
5170
5639
4066
1874
4466
8359
9608
9712
5125
6770
79
6781
1305
1225
220
7418
6679
5943
3093
3332
8304
5599
7831
8960
5244
4551
6651
2794
5326
724
8215
6510
9676
8825
5186
5110
6237
6234
9226
4550
3460
1366
5737
2020
6604
6917
3732
8315
9988
4685
6550
210
6558
2427
2173
5497
4707
929
6996
6020
521
8555
2609
6715
4119
5302
2655
3392
8887
9586
8702
4339
2285
2295
666
7394
8712
3303
1802
9461
8023
6227
3626
4202
9118
6001
506
5068
8969
8427
5272
2809
7408
139
8172
9508
2059
4278
9811
9368
2664
4167
7278
3390
4091
286
6411
8161
1749
6216
6820
1872
5928
8240
567
4132
2169
422
9335
6354
7415
2623
9552
5443
5196
7118
3712
2194
6386
9122
9204
806
9687
3503
8721
1985
5156
4689
3732
3000
4474
4799
4012
835
3262
5324
8999
6711
3767
1412
762
2307
7685
485
8821
5160
9428
8907
3637
5277
9938
2897
2604
3361
2253
9972
7934
7442
16
5626
5374
1870
3056
9812
1433
7608
4450
6240
8064
1005
2143
2466
4188
6311
3978
8675
1277
7249
4130
1002
9652
765
4883
5595
994
2275
1762
957
4351
5818
4232
6305
7759
3692
5534
8719
7203
7717
9403
9443
588
1196
2938
3160
7381
8789
3215
787
4338
422
6891
2212
1827
4937
1646
8601
4573
674
9789
5459
1307
3601
4388
7932
9297
1434
2893
3369
577
9891
9058
7549
1378
9357
3663
8079
942
1671
1644
7341
4634
2975
3785
6352
299
4506
1675
1298
4455
4039
8086
1949
6666
9855
8091
341
4842
8719
2453
617
8109
9897
2606
8407
8922
9912
2007
6190
5533
83
8232
5783
8015
5556
7220
6086
3573
5993
7441
8926
2039
2970
7510
3283
3892
6844
3974
8596
5700
8757
4477
6168
1950
3937
3032
5720
3692
6869
7529
3165
2956
658
4043
491
6776
2236
9779
4623
7447
9116
9672
4725
6869
5954
6325
4558
4817
5567
4460
1919
7926
8178
3869
733
9852
8017
4343
8424
5376
7659
7198
9061
6769
4300
7326
2769
2428
1136
5919
8482
3323
5099
5658
560
6009
3833
202
2484
1337
8529
7462
928
1256
7663
2942
1104
6864
1347
4340
9615
7342
9300
5390
1709
4438
5112
5657
3615
2933
3800
3040
4727
968
3904
940
758
4667
7029
2222
8783
8180
9738
4683
1470
1874
8548
5880
4617
6400
4636
6311
9318
7710
3926
8352
9485
721
8704
403
8191
5466
1356
7644
967
4677
6993
9321
3808
5571
2159
4568
8487
138
9170
8852
6322
715
7289
4274
4689
4709
7335
4567
7252
5512
1562
5277
6846
5980
7722
5653
1352
1955
2820
6414
8121
9884
4567
5623
5124
5129
2655
7905
2707
5908
5537
3721
6883
2397
2694
9893
2511
3639
395
9981
7298
7300
9047
4460
8791
6174
2479
9286
2115
5240
6791
668
3189
9316
5562
3998
7052
8966
4300
3697
331
3176
4590
4065
9785
7983
1458
3608
5356
2335
6271
8912
5798
3307
9415
4373
864
7327
327
5743
1959
7377
5295
6367
948
6837
7650
8551
7168
4688
3536
1887
6327
6304
5282
5685
8588
6058
7094
6468
5502
5539
7853
1513
4954
7443
9744
5362
9153
1063
122
2183
988
9638
4402
6878
6716
3607
5543
9946
6135
8049
1921
1523
672
6946
8070
2636
1013
6116
9306
4161
6847
6365
603
6191
7734
8373
540
7945
1363
9070
1151
9560
4538
5279
3609
2978
7432
3618
4384
7102
5385
7855
7832
6295
7725
2360
4911
2767
4475
4102
4614
7014
5527
5219
7649
7915
5728
6746
6353
7282
4669
8636
5279
2615
2106
4005
4763
7314
9501
6462
3591
5500
4974
1059
3069
5600
1318
7096
968
4949
7783
712
4658
8299
2060
879
4697
7141
226
8585
695
3174
7864
5417
9267
7118
115
9198
9298
2711
949
7331
1314
6107
4655
3830
1784
2409
6900
6844
8440
9079
4975
5859
1733
7626
9208
2183
2346
2580
2212
2969
5592
2829
7515
9597
5216
1557
4685
8995
9300
6632
7575
4249
7210
3684
8338
4319
7713
2631
4926
7355
5494
6077
1485
7597
2184
4776
5810
805
3771
5040
1292
7124
4794
8094
3502
9729
2897
6515
561
7981
1978
5646
8491
2536
6902
8478
5170
9893
5247
9589
1932
7212
4571
2350
2441
4272
5779
9712
8483
4016
2581
5282
5076
257
567
8226
9017
7195
6349
5297
3254
7186
4124
7569
6122
8649
4752
66
5684
8834
1131
5705
7766
601
8543
866
9897
7906
7406
8728
5458
4688
9424
626
5331
791
8597
7120
5029
6212
8347
7766
4132
6860
418
1016
6203
9106
4926
3512
7346
9709
7229
6347
2821
4537
90
8386
5607
6973
1537
1064
7207
221
8148
6648
2450
6368
2461
6081
4121
6597
3172
2043
7028
2001
660
7548
6711
6029
9257
4903
4547
6462
525
5989
8032
8868
5091
7158
2715
9159
7763
601
283
4687
6872
2714
4824
8307
2550
1052
8349
8228
3840
4504
9933
2987
7001
3364
5540
6064
6617
6887
1376
3325
354
4812
416
3506
3700
7686
4059
4138
3566
8627
7316
3918
5221
6451
5005
5448
7146
2618
4154
9355
2103
8084
3303
3249
9482
4841
4524
5301
1846
2066
8848
2674
6710
6570
4764
9499
9267
9800
2177
5261
8776
8301
5949
2114
3252
6505
9705
2007
6879
8771
215
2752
1217
1208
8987
1595
3263
4690
9878
8818
1288
2365
2139
4405
3631
3495
9180
5191
9417
1591
3764
7864
1114
2959
2667
9075
8059
5316
5333
2488
5806
4910
4060
5101
405
8859
1295
4353
320
1336
5595
65
7254
3507
6121
9326
1350
1387
7848
4527
6046
6633
5213
6499
652
5043
1736
4665
8242
3582
2456
5076
2031
3843
994
377
3164
4278
3166
4299
6053
2307
8978
857
1865
1162
5363
229
6915
4525
2729
1513
8714
2294
7075
6630
7045
5470
7963
8813
5603
3020
6875
4401
4314
7483
5167
5388
1726
8960
5533
7889
981
5306
7875
7538
2137
3098
5824
1891
5262
3525
1862
1294
6788
2503
2366
4009
6142
5963
7772
5349
6212
9145
244
7080
3767
7918
2974
5309
4291
8194
726
9099
9674
2678
3447
7587
7662
9804
5929
9998
6446
6412
8295
6311
5605
6676
2726
9764
7840
6720
7060
2634
4879
5722
2221
6177
6621
4644
9652
5382
3331
8291
5232
49
5658
4174
165
8550
4000
5560
5492
4991
5644
4154
6693
4602
9237
2484
2260
5311
5457
7045
3338
4629
2378
4778
1086
3973
6997
1795
3755
3678
54
6588
772
7611
6510
8651
3045
802
9910
1205
6795
8223
385
4054
6727
4273
6028
6928
7535
5746
6361
6419
4662
8124
6526
4895
7582
9194
5831
8150
1610
1101
1635
8677
456
5105
7693
676
7647
7552
1193
7532
6278
1332
547
3593
4149
9026
7522
9728
8208
9845
1346
658
4097
8281
1106
5681
6612
5322
7483
7123
5626
6924
6755
3941
4326
7836
9793
3922
5612
7606
2385
7428
75
4104
9434
426
2488
935
2303
4394
7469
1137
6323
6825
9090
7555
5872
9465
2779
6748
5897
5074
5985
7713
1134
5557
2118
2018
8512
2236
9123
5373
6758
3734
1252
5538
7168
1314
6887
9367
9386
8233
4368
2364
4019
5553
6561
4001
7614
671
4840
9847
2904
7469
6185
8405
5388
6652
3262
1388
4675
1339
908
9789
3552
1385
7032
9385
8987
3192
1962
6521
4828
6803
7649
7184
587
7649
7815
8509
3557
6442
1253
7445
9922
7177
8570
6768
5476
5219
5816
595
4226
7127
9776
6462
9046
5270
1568
5847
788
4869
3946
5735
3421
6689
5750
4003
1763
8562
6394
7566
733
7715
170
7117
6253
1713
491
7867
7792
1969
3068
6270
2693
4599
2310
2761
2722
2373
4243
6035
8051
5329
6846
2104
5925
5498
4041
447
5634
3916
4693
7724
6606
6449
8365
1815
1857
8762
2612
5132
7462
8639
2464
4260
6260
4468
8407
4420
8330
9629
297
8581
1376
8195
7982
1860
7371
4631
9282
7818
6482
1206
109
6671
8447
5629
7848
7547
7976
655
6141
365
3887
757
8382
6863
694
6549
4041
9
5591
3303
2971
8565
6483
4499
754
6835
8761
8207
3463
9406
7097
5336
1660
1087
3962
6494
7554
1233
2041
4358
1135
7124
5203
4874
4893
2822
5188
8067
2966
926
5729
7914
1359
4747
6979
7147
3571
6157
5365
9675
2738
4946
6464
5851
601
7092
5125
9613
7812
9009
3835
1479
2657
5643
5513
3031
7462
5632
2982
3653
9478
6941
1471
6239
2560
639
3289
6448
920
7322
5656
738
7418
6158
5919
9703
9805
5334
9881
5506
8644
6227
9959
1035
4619
7913
8731
3827
4016
2471
7972
9812
9487
2349
1515
7613
2291
6201
9261
125
602
5123
2378
6893
280
5674
9150
8483
9918
6526
3214
4020
9772
1919
5973
6682
3173
4293
3663
6886
9411
6962
9174
3224
8379
2582
6059
6861
8738
5073
8327
536
8191
2718
7010
6356
5491
3646
7733
1192
9366
8050
539
7724
7844
5405
5949
5019
8856
745
1694
90
5432
249
5187
5208
3153
367
6808
9830
7012
5648
1807
217
8113
6100
9770
3902
9683
1138
5595
1469
5421
6283
4314
8513
3667
8614
2918
6215
7211
6060
7408
2341
8021
1620
8037
4493
1354
6802
1434
8929
9153
5532
3372
809
9800
6862
5144
8100
3648
3966
9017
363
8665
8738
5729
6540
4977
6528
6730
8917
4327
6326
4124
6335
53
5115
3794
1678
5533
5814
9112
4822
8594
478
9048
4128
1530
3890
8053
5773
5107
1626
4935
794
1924
5757
9177
212
1974
5044
9583
8110
2371
5999
6668
3025
6861
8455
9187
7540
2626
4163
7756
3660
3998
6527
5513
6629
6593
4442
3225
9234
1475
5598
9869
8625
2406
518
6090
1730
9019
9275
9870
8954
6823
7903
6902
4387
711
1342
8831
4726
1809
8673
9548
8156
8189
3397
1800
9409
7125
8604
8588
2890
7097
1043
8227
1592
9557
9027
3867
1550
4631
779
7263
4016
939
6622
1587
3420
2490
5465
6928
6061
8339
1768
2641
4813
920
7258
6525
6507
5804
6530
3573
8334
7707
5103
6768
2073
4443
126
4182
3919
7026
5870
4858
7736
4056
644
7291
6917
8318
657
2796
9008
783
4241
1155
2856
6102
6261
1727
5532
5856
6739
6350
2021
7043
6907
141
7081
7600
8254
9137
1341
4117
1771
5334
4731
6053
5754
9318
7157
1244
4268
876
5672
5486
1410
3482
8068
2879
5005
9031
9803
8280
5046
6589
3128
4697
3728
5346
9347
6714
7914
645
114
5207
7689
9260
1489
7355
3334
1708
5749
8475
7332
728
5565
7638
9732
9517
7258
6252
7308
2414
7281
8461
8405
5467
1855
2723
356
1735
5165
1715
1980
3818
7555
4832
7586
5092
4673
1696
369
7236
4252
4147
2863
9800
70
4673
5728
7893
2722
1988
6201
6506
566
4022
3831
7360
2193
5643
8033
6548
1007
5842
619
8040
9243
6152
8029
5334
2820
8894
3908
7415
6323
2093
7559
2356
748
8407
8748
7675
6083
1711
8396
5523
6897
5899
8404
915
6391
3833
7214
4912
6290
5648
5135
5894
1776
7560
1410
5914
1874
3773
3829
8029
5570
3072
2867
6083
6566
5662
3746
3268
7222
6741
5357
4339
8155
8341
4804
6286
3256
2899
9266
6005
6766
996
4128
7006
2778
6071
8265
7879
5185
3
5614
8062
4928
2004
3914
5486
1133
3808
5736
6747
8738
863
4996
4640
6395
1674
4079
6823
4317
2611
3079
7961
5594
5062
9030
6966
6434
1166
8346
4631
7980
1802
7573
3538
8357
3505
2278
5725
7160
6293
5336
7223
5328
9252
8905
6004
8314
4004
1805
2919
7662
2432
3988
2965
8878
8798
2410
103
9648
2020
6157
9152
1193
8394
6388
3680
2539
1888
7054
7080
3072
7107
8761
7007
4407
6781
6196
8661
8015
3979
1927
8166
9634
5987
1009
8321
1828
9237
8594
2249
3115
6433
4346
7851
6561
3385
498
9217
3479
89
5482
6647
9165
6324
2290
9916
2720
5248
9661
9660
8707
6326
6755
3195
369
6595
7910
1988
7057
3954
5815
7971
4091
205
314
3952
7067
5393
2247
2381
2676
9042
9554
4945
374
9023
5037
4038
9730
3384
5773
3936
6541
9085
362
9072
8260
4504
4907
4279
4592
3837
2369
3343
9786
7761
3443
4102
2032
809
1275
4140
8184
1077
7710
2080
9044
9133
4481
3429
1462
6842
5754
1547
5078
8072
7957
6667
5491
1354
5896
7859
9095
7551
6617
403
9502
5988
6798
4535
8183
410
8358
6966
6315
5449
4838
6042
4926
8357
8166
3649
9428
976
45
2131
4214
5184
346
7285
9733
6786
9525
7742
2638
2607
2517
5464
5263
3166
7124
1065
6889
7211
6032
6530
8870
8342
7810
9944
6877
1711
3700
3457
1699
2529
9999
8753
6788
92
8403
6502
5219
9063
890
5136
1934
4293
9631
3574
5654
40
1451
5701
5229
7540
3505
8314
9745
2869
2715
3713
2232
7523
9827
1423
7372
3477
7254
4061
3049
8548
294
1398
4436
6146
1536
2531
8335
1210
350
2980
4746
4281
4957
7267
3852
6573
1745
8228
2787
7373
9319
3471
1896
4666
2587
9313
8262
4421
6060
5823
7884
4081
8093
5020
3665
5689
4989
5838
3368
5269
9897
1740
3172
4953
4800
9706
3582
4495
2856
6457
8404
3287
9375
2152
9716
5323
3620
399
5514
8424
6487
4158
5286
1834
3935
9154
4674
6742
1227
7784
7666
6158
3562
1108
9820
6353
7358
2084
5418
4801
6238
1920
8030
41
3852
7813
1413
4991
7399
6691
1295
5478
3985
9844
4959
6423
19
2622
5790
8049
6672
7290
7572
5182
2232
3845
1833
6936
990
4119
9465
7068
2427
5043
1351
3997
4628
9166
2883
9708
3994
1700
494
2503
8753
3239
8478
6848
6915
7449
3597
3584
6966
7324
2999
5884
5163
1447
5684
9318
2200
9580
6002
8646
9256
2216
4615
139
3873
1739
1893
6060
3542
7673
95
580
7439
9824
9291
1582
2486
4395
5705
413
2499
1509
2338
7888
8907
6914
7796
5811
5011
5659
2718
2969
7387
1336
6791
8681
1897
1716
6388
6711
1780
2827
9801
3252
3139
5735
6559
6248
2964
8491
7975
831
1809
3055
3086
6898
5616
1982
1154
8424
9897
9132
9172
4013
8622
9035
6174
4001
6534
7632
6183
7635
7274
2418
341
8224
3701
1155
3010
3175
7413
739
5602
6831
951
5824
7379
859
274
4354
2534
7789
3777
4662
2333
3528
9287
8985
3782
7402
3759
376
8503
7050
4194
7670
1770
7359
7885
9694
9851
9074
7729
6409
3727
1796
6892
3265
7528
9330
697
8775
4199
2536
2787
9267
3809
2116
4080
9754
7188
2653
4300
1492
7979
7556
4003
5774
4097
4985
9203
7310
4627
5665
8640
3974
6825
8806
1354
9482
486
9648
301
5957
4973
2691
2280
7849
8151
920
7760
5253
4994
9377
869
2108
3884
3991
9300
964
3889
2358
4847
2316
7825
748
475
6178
7622
7870
2504
5395
5076
5227
8102
5348
6401
7973
6822
7665
3479
1629
6222
7060
1288
5198
4322
1240
130
2813
9983
670
8739
4895
1225
912
6270
9900
856
4500
9870
3155
4958
2580
3067
4493
7644
5131
9355
6726
4662
8322
6395
9242
7124
3789
9486
1900
5803
7487
804
8253
4315
6597
30
4939
6729
1649
5266
7544
8544
1926
5579
4061
9780
4964
8098
4718
3608
7764
194
831
8800
86
9832
9303
9257
24
8490
2660
1832
107
9099
9552
624
9185
1868
4531
6200
969
6452
5880
2364
7406
546
1380
5554
4364
8450
3717
736
1669
9071
2487
8685
2803
6905
669
4245
4623
8231
8653
1985
7938
8382
3101
70
4841
4914
9869
924
4894
1644
7653
3970
1397
4365
65
1776
9412
2579
9850
2142
6775
7162
1894
7443
1443
900
8274
6544
9641
9659
6912
1214
3245
2198
4764
2181
4247
858
2387
1407
7337
7299
4454
7852
3091
9348
299
4391
2164
812
7557
8232
8978
6665
3413
5724
8860
1441
9297
3442
8637
4750
9700
9223
9571
426
9253
3781
6817
2412
6605
135
98
4513
115
6864
3184
7135
890
6861
7028
3653
3519
7784
8446
5271
5563
5086
7494
3865
2527
5059
2212
9274
6209
4933
6654
8659
9057
7294
7936
7775
577
3278
1793
4558
7317
1160
3875
7621
8647
795
7995
712
1566
6869
4082
9994
9328
6307
3211
9844
7302
4347
8630
7252
4255
3710
3812
8824
9975
3512
7260
7244
5449
6218
4462
576
4819
6491
7798
6190
3465
5322
9714
4538
5005
9926
3527
3339
7085
2145
5922
3993
7965
2627
3195
6503
9655
139
8254
8562
6656
7756
5949
8299
4829
9093
4192
3122
3621
4208
159
7555
6009
3248
1953
9558
3217
4229
5925
8833
6441
1810
8962
5568
3244
1281
2714
7560
6848
5253
4004
1849
8754
6480
5594
3283
4787
7414
3264
154
3572
5729
9367
1916
2797
3831
1296
7601
4436
9881
3620
6565
3628
3725
2484
8467
4108
1758
7197
290
8274
2066
8510
5604
6471
3437
4829
1724
21
2517
3542
1504
5063
8069
7029
3264
8351
8309
7751
7910
6365
2586
8764
9342
7343
2762
64
1224
7604
3875
922
5579
9462
7276
4340
1388
6087
748
1020
5247
7690
8346
6474
7181
9030
1076
7331
6616
5814
7140
3677
4363
1093
5344
3941
6533
441
3009
2093
5319
1324
7510
6906
9803
1171
2330
8109
2632
9960
3363
3040
964
1883
3597
6931
1833
5257
7430
7655
2475
795
4459
1020
2712
5715
9523
6006
5761
8242
7770
9621
5801
8941
913
9669
5899
3857
2356
2626
5713
2692
9068
2960
7010
8079
8950
2139
4747
3001
5411
1355
7906
293
9153
5146
1655
639
9323
3320
5675
1922
9565
3278
6197
9134
9627
6930
2291
9368
1697
283
8878
499
2941
9894
5314
9758
8765
8904
2620
8669
3363
8821
996
6540
3792
8240
1757
9585
4544
211
1483
6194
7362
1585
9140
9431
7563
3451
1194
9249
1147
8592
2248
7371
3968
8920
3291
9024
3850
4691
6787
8142
5231
3645
858
393
159
374
997
9586
2282
2511
8344
6089
9345
8182
4670
7905
1467
7190
5849
4739
9017
185
8887
7846
8428
1088
7686
4910
2533
9316
5993
8914
7789
6461
2092
5171
9254
6739
9220
8217
8002
4788
6283
7407
2914
1829
7466
5939
5378
5916
519
8471
8995
2813
3730
5307
5433
7252
7963
8911
1286
4947
854
3491
6182
8332
5857
3890
1293
7648
1989
3598
9998
3113
9739
7341
4686
8102
2385
9925
4472
5061
493
2772
9521
6582
1890
5379
2463
5932
145
3915
4102
1639
7697
457
7315
129
1570
8190
5708
8534
8430
9930
9399
9527
785
7242
4955
1536
3386
7871
3989
7097
2083
2434
3787
9482
7582
2533
4294
8226
8512
8043
3115
4570
6419
1706
1994
3157
9670
4944
5612
7179
615
9188
7398
7574
1444
8159
8771
7948
7374
2794
2001
463
9856
8105
3130
9090
7967
4553
4070
125
8369
8038
7983
4034
2627
9680
1093
5760
7158
2415
6099
3719
8025
2196
6322
2302
7533
6370
4860
3810
3125
6557
4948
7872
2172
1202
868
6405
2076
6999
7767
2964
6044
5876
4808
7144
1033
4595
8314
9482
985
1331
1482
8948
4780
2019
5794
263
5892
8477
3936
714
4054
8801
3798
8004
8416
8996
9538
9245
6350
1512
8657
5744
8888
9390
3376
9971
9295
8281
2963
138
200
6581
5289
8777
4103
3336
1040
8440
4384
7384
389
2604
6521
9709
7887
1043
8996
1223
893
3312
9100
7507
1148
1737
5278
7179
5453
7101
1403
4812
1639
2281
6570
9980
1961
5933
4931
8603
115
6395
4665
6313
3365
4079
3224
5545
4919
3141
2575
7316
5899
6663
4351
3249
9712
5718
4614
3699
4793
2076
9829
9875
4845
1968
8424
272
3456
3801
8071
821
3906
1350
3880
3722
5687
3789
2568
5885
9895
7490
8842
5330
9206
8010
9695
2008
4422
5665
7319
5871
6059
5257
7846
1399
7615
8453
9578
5898
8184
885
6204
1837
6135
7570
2965
7762
9394
3804
9299
8082
7877
7713
6813
8553
7444
2881
8435
371
5412
9360
7609
310
8667
2124
9974
8927
7812
8032
407
2225
8231
8040
7721
8507
8889
8054
6648
746
8512
8549
1105
31
5066
1707
2687
1666
6463
7460
2980
3767
8419
5020
5189
5024
8481
3277
4300
9779
7204
203
9544
6013
7671
4012
7351
999
1552
1772
2375
9145
7976
7567
7546
1244
495
1640
1992
4580
5789
7514
8681
2638
2012
2365
3555
485
5044
7204
4624
1819
9319
1500
3876
9255
9791
4359
9998
8330
1876
1962
9693
1895
242
2756
8357
6242
490
2880
4049
8599
2472
2236
9995
3503
7590
8155
4458
8558
5423
1976
3852
8992
8821
1661
9620
8102
7095
8066
7973
1755
7677
7833
864
9324
8678
1130
5146
88
9749
2299
898
9188
1703
2098
1553
658
2152
9582
8979
3570
7591
6322
2293
249
7671
4692
176
2866
5767
6469
5461
1379
9603
2865
9176
6993
8636
7594
9698
6694
5799
8272
1138
4274
3426
6532
5396
7247
2764
5341
5381
4010
8741
8554
7670
8927
8963
569
6575
6324
1206
3256
6821
617
3903
6506
4479
9085
4685
9404
133
4981
6231
5144
1626
8713
4033
9018
9900
4191
4857
8401
6793
5293
3585
4872
2341
601
322
3542
7033
2642
6334
7235
8286
7893
9655
6940
2106
9481
7839
8936
5818
9948
9775
8763
3009
1521
9132
923
4688
2954
1159
7698
9063
5299
9443
1060
8842
4159
7740
8289
6327
8455
9446
5101
3495
479
1540
3854
1188
7291
1099
918
9690
9907
9686
6481
4192
1411
779
4273
185
1078
2765
6440
1830
532
9460
6325
8814
4569
2810
2068
3025
4552
3591
3135
6265
3424
4303
8441
1874
7485
8378
733
2092
6482
7588
4386
7871
4022
3014
5138
2526
6653
837
8267
2990
2729
9386
3925
1305
7344
7186
2565
8414
8655
3799
8273
9516
623
8286
629
2575
4727
8338
582
6313
3538
7937
4533
9461
1923
3557
247
9720
1078
4902
3858
4232
7785
2494
3306
8306
5771
2590
1741
3111
8179
6015
7035
3575
8212
3899
6314
5489
8911
8860
3321
4744
2090
8021
6020
9242
4608
4881
4215
7182
6298
1784
2630
5500
2988
8505
7965
8146
4754
4644
4755
5987
4700
935
3829
1714
3944
9916
5664
1072
5791
1505
4158
9955
2627
7960
1141
7447
8504
3136
8476
4969
4799
3908
2736
3297
3627
9122
4822
9328
1438
734
6577
4171
2259
2936
5414
3543
578
2411
7582
6341
9119
9816
3421
3615
4483
3475
6465
8100
6960
3691
5116
3312
7919
9296
1061
9616
3613
4192
380
533
4581
2147
2605
5815
3519
8376
3671
1611
9722
1359
6942
1032
8501
1016
6557
5878
7541
3116
1760
6248
3026
8363
8576
8780
2002
8805
8768
4705
6554
6621
3496
9544
5186
1931
2512
5630
6376
64
8368
345
7992
8496
5654
1440
8779
9851
1367
7696
2222
5500
6601
732
1141
3718
8416
6421
9471
3355
7448
907
8522
1920
6451
1554
3098
9805
7474
3816
119
2793
8857
8806
853
3926
6063
4886
4489
1976
6307
8500
5032
7611
8229
8648
977
6
2084
7618
6062
2235
8500
7750
1446
8657
8339
9163
8711
7251
1867
4367
9267
2266
5146
9005
1544
584
7552
6945
6021
5031
6649
6827
3018
6498
3693
5347
831
3921
3844
3932
2519
2027
9293
9627
5254
3543
3376
5146
5728
6884
7107
9528
1428
8938
4058
4820
9386
9776
8243
4218
1769
336
5553
8620
3772
4807
3239
9973
6997
4145
8615
1562
8435
453
3163
8114
4032
8044
6436
8616
5630
8616
7809
2574
7747
9715
5843
9235
8706
101
2222
9864
1516
1195
6834
0
5431
5252
1387
8231
8862
1341
6438
1349
6713
5295
486
6882
3262
7303
1973
1628
8744
3495
94
3334
5223
716
7563
6484
2680
224
5082
6996
4743
128
8358
655
4978
8912
8627
5777
6575
4317
6937
4308
8033
1635
9301
2324
3655
5681
9565
879
5942
9866
7122
4363
3320
7277
6939
8828
5028
5479
3919
822
5088
8871
8643
4288
7173
6930
9717
7594
8914
2169
3160
3328
3619
8456
2994
159
84
9520
3906
472
3104
8903
9717
7539
5663
1182
4043
2550
2783
195
4565
9269
8657
2840
1330
2636
7320
3284
2619
4155
4350
2137
2203
8705
6312
9270
5379
8828
8811
1613
7581
848
4959
2919
8511
4694
5570
663
1298
4727
752
2604
8820
9594
5714
9435
5179
8682
6804
7549
2331
9723
8284
6213
4585
8142
1192
8724
6241
563
6870
1200
2757
3694
9546
8754
4567
2526
524
8704
1786
5386
2592
8235
5523
1772
3450
8041
8533
8979
4785
2133
4286
2355
8579
69
412
1216
9417
1532
5172
1387
4381
9505
9492
7035
5449
8849
8759
4912
7698
9201
5401
1957
6965
982
6715
9572
3217
6184
394
5790
9269
5044
3723
2826
8955
6897
7674
7678
5461
9701
4963
5580
6694
4201
2960
3535
9029
6778
2389
7831
3966
3570
5464
3744
8617
9271
5940
553
8831
8913
9344
7716
506
8818
9084
4009
8364
8033
6716
1921
1571
1911
9912
8448
3323
2174
690
8801
5493
5111
1034
2744
4823
1371
2111
7460
8372
8196
8246
532
1037
4957
7392
9068
3127
2663
3079
8728
2687
6797
233
2976
1612
5834
3049
6316
3476
3994
2562
314
7825
5854
4541
9374
3765
9684
6133
7225
9292
4615
185
6349
4738
5026
7826
3263
6773
315
8853
6366
4731
5726
4347
7284
8918
5814
8911
6539
519
7747
1880
7425
2322
9
424
6767
2913
9270
7908
1798
6059
3750
8740
3099
4534
9050
125
3893
8858
1110
2126
7332
8696
6570
1992
5924
8443
7956
8002
258
4750
2435
8763
2431
8591
2479
8769
3923
6850
7335
5698
4580
8360
3659
7937
2438
6418
7868
3355
6421
8416
7216
9050
289
6783
298
1225
7385
5683
9498
2330
1340
8929
9041
8453
2267
9552
8232
7329
1939
1552
3073
120
9146
7500
7997
3302
7048
4380
7071
1698
3720
5023
3634
48
462
9815
1559
758
4795
6677
513
942
8511
7206
7765
6844
8510
3134
5067
6432
7399
8228
4890
2446
8177
4254
484
6332
2326
8271
1469
4459
8837
494
3730
1514
5794
5544
6983
6119
8689
5241
8370
7784
4915
3431
2486
9417
4608
8879
850
4070
5142
9477
412
3531
7296
1014
440
27
3003
3168
9549
6062
3925
3797
8169
1342
3558
6955
2420
724
4244
9575
4339
9374
8561
8379
9070
6772
9720
4110
4580
5275
6569
4827
8173
6585
4000
717
7249
586
9293
5545
4551
6051
8543
3372
3216
8933
6514
2887
165
5876
1275
4584
1454
5433
7409
9755
2596
7396
6575
6688
2553
1046
8567
3503
1463
2702
3193
4073
8663
4018
740
7105
627
9089
5196
9276
733
2423
8445
180
8962
5232
9775
2323
6649
7184
1514
4958
4592
6595
3612
559
6665
6656
4585
1656
2785
867
4418
645
5266
2300
6841
5409
6681
9426
5492
6571
9882
5915
4160
4299
2306
4800
1607
7088
1390
7357
885
2780
5802
5863
3912
210
4413
577
3558
5134
1091
9648
7396
7766
4938
606
3652
6016
5297
9196
5678
3636
3726
555
5026
5939
143
8476
8812
9256
8276
4646
4857
4477
3419
745
2426
7905
587
8321
983
8410
4549
2733
8182
6086
6695
6688
8252
3110
1043
1192
2178
7692
9857
7917
7900
4420
3328
2508
2534
6977
4434
9253
8255
5466
9385
209
1515
4757
8348
8600
7844
1186
7775
1698
1313
9564
9618
3196
8745
6107
7704
5021
6058
973
1466
6618
661
4294
237
1031
6860
22
898
112
9695
858
6557
39
947
2421
6456
4397
8916
97
1833
470
7660
9936
2849
5352
1493
3048
2742
8181
5787
9022
7347
1242
9446
1506
2926
7767
7751
396
5995
7663
8816
2693
9775
9442
5129
3098
8200
1898
0
396
5307
8098
5504
7787
6669
8814
9414
7204
8374
518
1712
3464
3587
645
2486
8927
8203
7090
8574
6189
885
3852
6283
7172
3096
8907
5877
2298
770
7093
687
8109
7693
8750
6069
8708
8655
3508
916
3239
4961
9770
4350
3698
178
6882
7966
4662
1021
5729
7338
1568
5096
3821
1015
190
7022
650
9648
6079
8656
9174
522
5115
7703
8946
6914
9907
1981
866
5432
5514
5917
3255
6096
5204
1640
6283
5094
2669
1082
9995
2226
5710
2684
6988
2956
4571
1275
8167
7538
3809
9176
3303
3912
5758
498
5862
8543
833
2657
8290
6185
8084
36
1717
2284
8470
861
3910
2405
4910
7307
9626
527
3869
1609
1503
5844
68
4789
5610
818
8166
8020
4447
7986
1311
8756
6257
3333
7013
9522
9147
7424
3629
860
5486
4587
5601
8026
796
3924
9201
5065
3940
9704
1848
4359
9791
7205
592
182
2251
2633
2376
8171
8005
895
7205
3302
9244
3836
7287
9783
9380
1653
2830
8383
4473
7620
6476
4453
7780
1930
1356
8938
7378
4630
4292
4559
1939
4519
8055
357
6945
3535
206
981
3650
7352
8568
9713
4591
1708
3808
5178
9830
5167
4990
4580
2013
639
1520
1527
600
8032
8585
9960
9500
2049
5323
5895
613
131
4690
826
9205
8715
4273
633
2558
7557
7457
11
4418
8779
6502
8578
1145
2519
1877
5107
1027
7542
4467
697
7566
3789
5024
1145
4986
8880
3444
9352
1675
6336
6264
7388
895
3541
2200
1377
9105
2733
2855
9902
5965
7060
1380
151
9941
2052
9419
4836
2323
6862
2367
4545
191
90
4503
1959
868
1148
4935
2587
2494
9224
4401
9525
6231
5254
7691
3060
4707
7897
674
2609
8823
7661
4991
3969
1569
367
6009
3390
9060
7314
5580
2952
4259
6079
7784
8312
4833
588
3853
5014
6406
1440
3189
8700
7317
5734
4994
1130
6747
9088
6523
5035
7706
9102
7201
3096
2887
5088
5894
8539
9520
9480
5008
1399
5986
1923
9787
8102
1386
5273
333
4419
3787
8354
3645
7289
1376
9804
8902
1099
8578
603
169
3302
7980
7313
8417
4500
9485
7630
4091
2803
4333
4120
9333
5429
4164
8814
5126
5672
5687
8986
591
1417
8213
1894
944
5188
7985
8625
3054
1312
592
7762
5540
7209
1830
2859
2360
7981
8460
7665
4239
684
4788
1099
8851
8953
5248
8970
5347
4582
2480
9080
8620
9455
4763
2244
9959
3206
9072
6300
6099
8479
9149
9676
4564
4076
9328
6486
3292
7868
2875
5890
6906
2063
1757
5993
8864
8717
2735
5628
8921
7608
9933
1387
8955
351
22
611
5257
6901
9989
1574
9996
6609
9345
3713
2258
2135
5665
8042
1559
5159
68
6793
7892
2644
4000
7945
7990
1528
1626
287
4017
1206
261
842
9444
7680
6542
1995
30
5514
2904
5063
2785
846
7779
1034
4405
1602
1155
7551
5281
2615
573
3117
8854
739
9861
4580
8156
9794
4582
1001
2962
9352
6338
7022
4015
1690
1147
9653
8238
269
7872
3094
282
8095
9788
8287
2646
9141
8460
9676
5888
1365
4736
8631
6679
4949
1107
9857
4603
8755
9614
4082
2244
4166
6154
2446
4373
4389
9397
7865
4162
6071
7303
5563
4384
1930
2212
1447
3852
3400
8133
6489
894
903
3331
8127
5183
2016
3555
681
3114
9251
5161
1331
3583
2520
7286
5971
5533
4457
51
9166
5617
9806
8723
8080
7530
457
7859
9211
9055
9475
310
4703
2819
2487
1407
7419
9575
8974
6445
5828
2785
2186
8398
3876
7324
503
733
2164
5824
9566
1678
8189
6275
348
7549
5354
2704
146
3809
9602
3447
6143
8550
8438
3029
4043
9979
6118
294
997
8601
1481
488
4064
774
1100
9042
7881
1545
4698
6885
1292
6046
3981
2273
4711
1548
2276
8971
4767
5878
597
4685
6930
463
3685
670
5261
7105
9318
9172
2479
6735
5696
4712
6989
2473
644
5705
6407
960
4652
8132
1275
6427
455
3906
201
842
8372
401
6455
3081
9500
4584
1814
7079
6613
966
4196
8503
8676
2202
5331
9910
9474
6184
7593
2415
3939
3978
4282
4267
3283
5061
3987
4829
4242
1166
2265
8973
578
2685
2946
4243
1870
1888
2753
9015
797
9683
7272
2470
1335
3375
2376
5080
8455
1712
9181
8255
674
7452
1688
7410
951
945
9501
1995
8535
3742
1102
766
7703
9284
9271
8620
4291
7806
9853
2007
6150
367
5440
502
1000
5307
2888
8779
4614
4185
4047
6387
7096
6647
2491
8685
5423
671
5183
2943
9246
9944
6130
7237
8730
1440
8832
2508
7141
9401
6272
9678
1063
5409
8022
63
6862
311
890
5432
1176
1498
1161
241
2174
9012
2537
4276
7412
8599
9539
8655
7150
3319
7676
6218
4517
6472
5092
938
9049
4505
7780
774
3033
7746
9937
8424
1906
7626
6854
4582
4933
395
6785
3682
1436
6154
1356
9950
6733
706
8367
8852
7439
1568
3588
8965
8861
549
4347
9376
4138
6807
3200
853
6964
8089
633
3291
2907
3420
4932
895
2852
2629
7249
4846
1433
4913
5995
2132
611
3511
8605
7526
7403
6557
5394
781
4668
9310
4030
5860
1390
5226
9499
8900
9631
5998
3462
6638
2130
789
4028
8617
2077
8799
15
604
9741
3522
1646
6830
909
1310
1715
1868
2583
5381
3838
3163
2250
7243
3331
1631
4205
74
5631
6251
3523
8809
1841
1946
2863
9758
9494
2653
6089
49
9845
9334
6658
7139
8253
7940
6900
4480
299
6112
9550
6529
6112
1655
9327
4916
5347
6665
848
1359
9763
3826
4695
4403
6480
3127
7721
2814
5898
3027
4080
5300
4330
5378
7341
623
2208
1710
5264
6708
1484
456
3126
5415
1393
9689
1026
7906
7702
5210
2303
1554
9279
5969
4916
9507
1996
6668
6505
1069
1489
9347
7113
2319
2197
4585
6905
219
1887
2275
88
9458
6302
1069
4695
4385
8071
1353
1579
7868
1925
4713
3345
6218
5243
3839
7825
5857
7534
6723
3878
8100
9265
9109
8125
6650
9472
7075
7020
177
3810
3357
1797
274
313
8391
8362
8247
5451
319
8163
4234
1302
6895
9774
4448
3471
6485
1703
4038
7836
7250
7225
4410
5907
2160
5763
9918
5010
3399
4846
3368
4785
9330
9294
4477
213
4365
7559
432
7590
9842
2594
8053
258
2212
5648
1195
3459
843
7774
9641
6015
5410
4953
4664
80
6237
2244
8753
6035
3919
6872
2361
5300
4155
7820
6234
9994
4137
1205
9604
526
2139
1327
2612
3282
2624
1580
3875
6688
3433
829
9874
5248
9867
9263
5988
6894
1428
8263
8638
4299
9425
5074
6650
5059
9679
5558
7490
9248
9889
9245
1355
8445
7938
8227
7279
3229
8827
3677
4064
1084
8663
4140
1418
8774
788
3379
6904
7911
5709
853
2826
8226
4982
9683
9893
7447
2872
9797
732
399
9774
8182
7133
281
4159
9029
4735
250
4716
1833
5803
1024
524
84
2568
5432
4311
8780
5628
9441
9408
9990
3423
5233
4390
7491
978
598
284
768
4528
8703
680
9
1923
6956
73
9646
8203
99
3997
4200
1755
2869
6433
8445
4932
2432
8074
738
70
1478
2436
4753
308
6638
5721
3548
7415
9097
1892
576
7990
7784
8231
509
3797
7533
1769
629
4219
1359
3572
2723
9816
9425
622
3646
5127
7045
1222
2782
2304
461
898
4399
1137
3826
247
3924
9182
6745
1720
5965
3543
1331
2322
955
8825
1363
1528
7171
2632
982
4618
370
9275
2718
7979
7520
5848
3839
1635
2232
1329
7582
2178
2823
2415
1014
7975
8483
415
1020
7216
3854
4154
326
1586
1947
4473
5944
1212
4640
1064
447
1511
1132
1883
3986
208
2075
3103
1286
393
4664
3074
7712
2620
1330
8421
8016
8722
2578
4944
4156
8180
3036
3335
2426
7856
6804
2364
3523
2269
275
454
5140
5666
4490
784
919
2436
2886
3444
2386
1151
9444
3162
2173
2616
8631
2283
1946
9968
5352
3531
2064
6763
2478
679
4280
2770
8174
2123
2796
2341
5956
583
4972
4469
6483
4355
420
2145
6777
6736
1275
7999
4199
4145
9804
446
2543
2138
3818
3465
9743
1095
2640
238
253
9089
9207
8400
1427
9229
1675
346
3741
3477
5456
1270
6944
9595
1376
6397
6909
618
2153
6527
7575
2735
357
6741
3826
2201
6410
8005
1404
2253
2995
3765
7376
6477
2286
1092
8488
1626
4520
1398
323
2775
470
6462
5656
3200
3589
145
3850
4347
9284
1064
2012
8109
32
5558
5111
4464
3632
7275
857
1316
1155
2088
9504
9604
2503
1460
9544
1418
4907
191
4273
7125
8423
6405
7268
4330
1610
6229
2807
6649
2532
210
8208
834
9782
2233
9206
2536
2230
308
3038
1220
2663
3375
6933
3005
3369
7785
8569
5942
8397
6542
9869
1256
1627
8962
3612
770
3671
9840
1933
638
129
2996
7880
8407
7005
1062
8025
9496
1779
1032
4978
2902
6743
9841
1830
64
9531
8155
5027
1157
1460
5386
4959
7671
9691
5199
8615
5535
2756
8524
8484
4434
7604
1032
3775
3554
8318
7620
6421
40
