0
0
1
3
4
5
5
6
7
8
9
9
9
9
11
15
16
16
16
19
21
22
22
24
24
27
30
30
31
32
34
36
38
39
40
40
41
41
45
47
48
49
49
51
53
53
54
57
58
59
60
61
63
64
64
64
64
65
65
66
67
68
68
69
70
70
70
73
74
75
76
79
79
80
82
83
84
84
84
84
86
86
87
88
88
89
90
90
90
92
93
94
94
95
97
97
98
99
101
102
103
106
107
109
111
112
114
115
115
115
115
115
118
119
120
120
122
122
125
125
125
125
126
127
127
128
128
128
129
129
129
130
131
132
133
135
138
138
138
138
139
139
139
139
140
141
141
143
143
143
145
145
146
149
150
150
151
154
159
159
159
159
161
165
165
169
170
170
175
176
177
177
178
180
180
181
182
182
182
185
185
185
185
185
190
190
191
191
194
195
199
199
200
200
201
202
202
203
203
203
205
206
208
209
210
210
210
211
212
213
213
215
216
216
217
218
219
220
221
222
224
224
225
226
226
228
229
233
237
238
241
242
242
244
247
247
247
248
249
249
250
250
252
253
254
256
257
258
258
258
261
262
263
264
269
269
272
274
274
275
280
281
282
283
283
284
284
285
286
286
287
287
289
290
293
294
294
294
296
297
297
298
298
299
299
299
301
306
307
308
308
310
310
311
312
313
313
314
314
315
317
319
320
322
322
323
326
326
327
331
332
333
336
337
338
339
341
341
343
344
345
346
346
348
350
351
352
354
354
355
356
357
357
359
360
360
362
363
364
365
367
367
367
367
369
369
370
370
371
374
374
375
376
376
377
378
380
381
382
385
386
389
393
393
393
394
395
395
396
396
396
397
399
399
401
401
403
403
403
403
405
406
407
409
410
411
411
412
412
412
413
415
416
417
418
420
422
422
424
425
425
426
426
426
432
432
433
440
441
441
446
447
447
447
452
453
454
454
455
455
455
456
456
457
457
460
461
461
461
462
463
463
467
468
470
470
471
472
472
473
475
477
478
479
479
480
481
484
485
485
485
486
486
486
488
490
491
491
493
494
494
495
498
498
499
500
501
502
503
506
506
506
509
509
510
513
514
515
518
518
519
519
519
521
522
522
524
524
525
526
526
527
530
531
532
532
532
533
534
534
536
536
538
539
540
543
546
546
547
547
547
549
551
552
553
555
555
559
560
560
561
563
563
563
565
566
567
567
567
569
573
576
576
576
577
577
577
578
578
579
579
580
582
582
583
584
586
587
587
588
588
591
592
592
592
595
597
598
600
600
601
601
601
601
602
603
603
603
603
604
606
609
611
611
612
612
613
613
613
613
614
615
617
617
618
619
621
622
622
623
623
623
624
625
626
626
627
629
629
629
633
633
633
634
634
635
636
638
639
639
639
643
643
644
644
645
645
645
646
648
650
652
652
653
655
655
655
656
656
657
658
658
658
659
660
660
661
663
663
666
667
668
669
670
670
671
671
672
672
672
674
674
674
676
678
679
680
681
681
684
687
687
688
689
690
694
694
695
696
697
697
700
703
703
704
706
706
710
711
712
712
714
715
715
716
717
721
723
724
724
725
726
726
728
732
732
733
733
733
733
733
734
735
736
736
738
738
738
739
739
739
740
740
743
743
745
745
745
746
748
748
748
750
750
751
752
753
754
755
757
757
758
758
758
762
765
766
766
768
768
770
770
772
772
774
774
774
777
777
779
779
780
781
783
784
784
785
785
786
787
788
788
788
789
791
794
795
795
796
797
798
799
802
804
805
805
806
806
809
809
812
814
817
818
819
821
822
822
826
826
829
831
831
831
832
833
833
833
834
835
835
837
838
839
842
842
842
843
846
848
848
850
853
853
853
854
856
857
857
857
858
858
858
859
860
860
861
863
863
864
864
865
866
866
867
868
868
869
874
876
879
879
879
880
882
885
885
885
890
890
890
893
894
895
895
895
898
898
898
898
900
901
903
906
907
907
907
908
909
909
912
912
913
914
915
916
918
919
920
920
920
920
922
923
924
925
926
928
929
931
934
935
935
935
937
938
938
939
940
941
941
942
942
944
944
945
947
948
949
949
949
951
951
951
954
955
956
957
958
958
959
960
960
962
962
963
964
964
964
966
966
967
968
968
969
970
973
976
976
977
977
978
981
981
981
982
982
982
983
985
988
990
993
994
994
995
996
996
996
997
997
998
999
999
1000
1001
1001
1002
1005
1005
1006
1007
1008
1009
1011
1011
1012
1013
1014
1014
1014
1015
1016
1016
1016
1020
1020
1020
1021
1024
1026
1027
1027
1030
1031
1032
1032
1032
1032
1033
1034
1034
1034
1035
1036
1037
1037
1040
1043
1043
1043
1044
1046
1047
1052
1052
1058
1059
1059
1060
1061
1062
1063
1063
1063
1063
1064
1064
1064
1065
1066
1068
1068
1069
1069
1071
1072
1072
1076
1076
1077
1077
1078
1078
1080
1081
1082
1084
1085
1086
1087
1088
1089
1089
1090
1091
1092
1092
1093
1093
1093
1095
1097
1099
1099
1099
1100
1100
1101
1102
1102
1104
1105
1106
1106
1107
1108
1108
1109
1110
1110
1112
1112
1114
1116
1119
1121
1125
1128
1128
1130
1130
1131
1132
1133
1133
1134
1134
1134
1135
1135
1136
1137
1137
1138
1138
1138
1138
1141
1141
1142
1143
1145
1145
1147
1147
1147
1147
1147
1148
1148
1148
1151
1151
1154
1155
1155
1155
1155
1155
1155
1157
1157
1159
1160
1161
1161
1162
1164
1166
1166
1166
1170
1171
1171
1174
1176
1176
1176
1177
1178
1179
1182
1182
1185
1185
1186
1188
1192
1192
1192
1192
1193
1193
1194
1195
1195
1196
1196
1197
1197
1197
1200
1200
1202
1204
1205
1205
1206
1206
1206
1206
1208
1210
1212
1213
1214
1215
1216
1217
1217
1218
1220
1222
1223
1224
1225
1225
1225
1227
1227
1228
1230
1232
1232
1233
1238
1240
1242
1244
1244
1249
1251
1252
1252
1253
1253
1256
1256
1257
1257
1259
1259
1266
1267
1268
1269
1270
1272
1273
1275
1275
1275
1275
1275
1277
1277
1279
1280
1280
1281
1286
1286
1286
1287
1287
1288
1288
1288
1292
1292
1293
1293
1294
1294
1294
1295
1295
1296
1296
1298
1298
1299
1302
1305
1305
1305
1307
1310
1311
1312
1313
1314
1314
1315
1315
1316
1317
1318
1322
1322
1324
1325
1327
1329
1330
1330
1331
1331
1331
1332
1333
1335
1336
1336
1336
1337
1339
1340
1341
1341
1341
1341
1342
1342
1342
1343
1346
1347
1348
1349
1350
1350
1351
1351
1352
1352
1352
1353
1354
1354
1354
1354
1355
1355
1355
1356
1356
1356
1357
1358
1359
1359
1359
1359
1360
1363
1363
1365
1366
1367
1369
1371
1371
1376
1376
1376
1376
1377
1378
1379
1380
1380
1381
1383
1385
1386
1387
1387
1387
1387
1387
1388
1388
1388
1390
1390
1390
1393
1394
1395
1397
1398
1398
1398
1399
1399
1399
1401
1403
1403
1404
1406
1407
1407
1410
1410
1410
1411
1411
1412
1413
1417
1417
1418
1418
1420
1421
1423
1427
1427
1428
1428
1429
1433
1433
1434
1434
1434
1434
1434
1435
1436
1436
1437
1437
1438
1438
1439
1439
1440
1440
1440
1441
1441
1443
1443
1444
1444
1446
1446
1447
1447
1451
1451
1454
1454
1455
1458
1458
1459
1460
1460
1462
1463
1463
1466
1467
1469
1469
1470
1471
1475
1477
1478
1478
1479
1480
1481
1482
1482
1483
1484
1485
1487
1488
1489
1489
1489
1492
1493
1494
1497
1498
1500
1503
1504
1504
1505
1506
1508
1508
1509
1509
1509
1511
1511
1512
1512
1513
1513
1514
1514
1515
1515
1516
1516
1516
1518
1520
1521
1523
1525
1527
1528
1528
1528
1530
1532
1533
1535
1536
1536
1537
1540
1540
1541
1541
1541
1542
1544
1545
1547
1547
1547
1548
1548
1548
1550
1552
1552
1553
1554
1554
1554
1554
1556
1556
1556
1557
1557
1557
1559
1559
1562
1562
1564
1566
1567
1567
1568
1568
1568
1569
1570
1571
1571
1574
1578
1579
1580
1582
1585
1585
1586
1586
1587
1588
1589
1591
1592
1595
1602
1605
1607
1608
1609
1610
1610
1611
1612
1613
1613
1613
1617
1618
1619
1620
1622
1623
1624
1624
1626
1626
1626
1626
1627
1628
1629
1631
1634
1634
1635
1635
1635
1635
1639
1639
1640
1640
1643
1644
1644
1645
1646
1646
1648
1648
1649
1652
1653
1655
1655
1656
1656
1656
1660
1661
1661
1662
1665
1666
1667
1667
1668
1669
1671
1671
1674
1675
1675
1675
1676
1677
1678
1678
1679
1680
1688
1688
1690
1691
1692
1694
1694
1696
1697
1698
1698
1699
1699
1700
1703
1703
1704
1705
1706
1707
1707
1707
1708
1708
1709
1710
1710
1711
1711
1712
1712
1713
1714
1715
1715
1716
1717
1718
1718
1720
1720
1720
1722
1722
1724
1724
1725
1726
1727
1728
1730
1732
1733
1735
1735
1736
1736
1737
1737
1739
1740
1740
1741
1745
1746
1747
1747
1748
1749
1750
1753
1754
1755
1755
1755
1757
1757
1758
1758
1760
1762
1763
1764
1768
1769
1769
1770
1771
1772
1772
1775
1775
1775
1776
1776
1778
1779
1780
1780
1782
1782
1784
1784
1784
1784
1786
1787
1787
1788
1789
1791
1792
1793
1793
1795
1795
1796
1797
1797
1798
1798
1800
1802
1802
1802
1805
1806
1806
1807
1807
1809
1809
1810
1814
1815
1815
1816
1816
1817
1819
1820
1823
1824
1827
1828
1829
1829
1830
1830
1830
1831
1831
1832
1833
1833
1833
1833
1834
1834
1837
1840
1841
1841
1841
1846
1846
1848
1849
1851
1852
1852
1855
1855
1855
1856
1857
1857
1860
1862
1865
1866
1867
1868
1868
1869
1870
1870
1871
1872
1874
1874
1874
1874
1874
1876
1876
1877
1878
1880
1883
1883
1883
1883
1884
1887
1887
1888
1888
1890
1890
1890
1891
1892
1893
1893
1894
1894
1895
1895
1895
1896
1897
1898
1898
1898
1900
1902
1905
1906
1909
1910
1911
1911
1911
1914
1916
1916
1917
1918
1919
1919
1920
1920
1921
1921
1922
1923
1923
1923
1923
1924
1925
1926
1927
1930
1930
1931
1931
1932
1933
1934
1934
1935
1935
1935
1939
1939
1941
1942
1945
1946
1946
1947
1947
1949
1949
1950
1950
1950
1950
1951
1953
1954
1955
1957
1957
1959
1959
1961
1962
1962
1963
1963
1966
1966
1968
1969
1969
1970
1973
1974
1976
1976
1977
1977
1978
1979
1980
1981
1982
1984
1984
1985
1985
1985
1985
1987
1988
1988
1988
1989
1992
1992
1994
1994
1995
1995
1996
1997
2001
2001
2002
2004
2004
2005
2006
2007
2007
2007
2007
2008
2009
2012
2012
2013
2013
2015
2016
2018
2019
2020
2020
2021
2022
2024
2025
2025
2027
2027
2030
2030
2030
2030
2031
2031
2031
2032
2032
2035
2038
2038
2039
2039
2040
2041
2042
2043
2043
2044
2044
2046
2049
2049
2052
2052
2059
2060
2063
2064
2064
2066
2066
2068
2069
2073
2075
2076
2076
2077
2078
2079
2080
2081
2083
2083
2084
2084
2085
2088
2088
2090
2090
2091
2092
2092
2093
2093
2094
2098
2099
2100
2102
2102
2102
2103
2103
2104
2104
2106
2106
2108
2109
2110
2111
2113
2114
2115
2115
2116
2117
2118
2118
2120
2120
2123
2123
2123
2124
2126
2126
2127
2130
2131
2132
2133
2135
2136
2137
2137
2138
2138
2138
2139
2139
2139
2141
2142
2143
2145
2145
2145
2145
2147
2148
2149
2149
2151
2152
2152
2153
2154
2154
2159
2159
2159
2160
2164
2164
2164
2165
2166
2166
2168
2169
2169
2170
2172
2173
2173
2173
2174
2174
2174
2177
2177
2178
2178
2178
2181
2182
2183
2183
2184
2186
2187
2188
2193
2194
2196
2197
2198
2200
2200
2201
2201
2201
2202
2203
2203
2204
2204
2205
2208
2212
2212
2212
2212
2212
2216
2218
2221
2222
2222
2222
2224
2225
2226
2227
2230
2230
2231
2232
2232
2232
2233
2235
2236
2236
2236
2236
2236
2237
2243
2244
2244
2244
2247
2247
2247
2248
2249
2250
2251
2253
2253
2254
2254
2258
2259
2260
2265
2266
2267
2268
2269
2273
2275
2275
2276
2278
2279
2280
2281
2282
2282
2282
2283
2284
2285
2286
2290
2291
2291
2293
2294
2295
2298
2299
2299
2300
2301
2302
2302
2303
2303
2304
2304
2306
2307
2307
2307
2308
2310
2311
2312
2312
2313
2316
2316
2317
2318
2318
2318
2319
2321
2322
2322
2322
2323
2323
2323
2323
2324
2325
2326
2330
2330
2331
2331
2333
2335
2338
2340
2340
2341
2341
2341
2342
2346
2346
2347
2348
2349
2349
2350
2350
2351
2353
2355
2355
2356
2356
2357
2358
2358
2359
2360
2360
2360
2361
2362
2364
2364
2364
2364
2365
2365
2366
2367
2368
2368
2369
2371
2372
2373
2374
2375
2376
2376
2378
2378
2381
2381
2381
2382
2382
2385
2385
2386
2387
2389
2389
2395
2396
2397
2398
2399
2404
2404
2405
2406
2409
2409
2409
2410
2411
2412
2414
2415
2415
2415
2417
2418
2418
2419
2420
2420
2421
2423
2426
2426
2426
2427
2427
2428
2430
2431
2432
2432
2434
2435
2436
2436
2438
2441
2441
2442
2443
2443
2444
2444
2446
2446
2446
2447
2450
2451
2453
2456
2456
2461
2461
2463
2464
2466
2466
2467
2468
2468
2468
2470
2471
2472
2472
2472
2472
2473
2473
2475
2475
2475
2477
2478
2478
2479
2479
2479
2480
2484
2484
2484
2484
2486
2486
2486
2486
2487
2487
2487
2488
2488
2490
2491
2494
2494
2496
2496
2499
2499
2499
2503
2503
2503
2504
2506
2508
2508
2511
2511
2512
2513
2517
2517
2518
2518
2519
2519
2519
2520
2523
2525
2526
2526
2527
2529
2530
2531
2531
2532
2533
2533
2534
2534
2535
2536
2536
2536
2537
2539
2542
2542
2543
2548
2550
2550
2551
2553
2553
2553
2558
2558
2559
2560
2560
2560
2562
2564
2565
2566
2568
2568
2571
2572
2573
2574
2575
2575
2575
2575
2578
2579
2580
2580
2581
2582
2582
2583
2586
2587
2587
2590
2590
2592
2594
2596
2600
2602
2604
2604
2604
2605
2606
2607
2607
2608
2609
2609
2610
2611
2612
2612
2613
2614
2615
2615
2615
2615
2616
2616
2616
2618
2619
2620
2620
2622
2623
2624
2625
2625
2626
2626
2627
2627
2627
2628
2629
2629
2630
2631
2632
2632
2633
2634
2636
2636
2637
2638
2638
2638
2638
2639
2640
2640
2641
2641
2642
2642
2642
2643
2644
2645
2646
2646
2646
2647
2649
2651
2652
2652
2653
2653
2654
2655
2655
2657
2657
2658
2660
2663
2663
2663
2664
2666
2667
2669
2669
2670
2670
2671
2674
2675
2676
2677
2678
2679
2680
2683
2684
2684
2685
2685
2686
2686
2687
2687
2689
2690
2691
2691
2692
2693
2693
2694
2694
2697
2702
2704
2705
2706
2706
2707
2708
2710
2711
2712
2714
2714
2715
2715
2718
2718
2718
2720
2722
2722
2722
2723
2723
2724
2726
2728
2729
2729
2731
2732
2733
2733
2734
2735
2735
2736
2738
2739
2741
2742
2744
2746
2748
2749
2752
2753
2754
2756
2756
2757
2757
2757
2758
2758
2758
2760
2760
2761
2762
2762
2764
2765
2765
2765
2766
2767
2769
2769
2770
2772
2775
2777
2778
2778
2779
2780
2782
2783
2783
2784
2784
2785
2785
2785
2786
2787
2787
2787
2787
2791
2793
2794
2794
2794
2796
2796
2797
2798
2803
2803	
803
2807
2809
2810
28102812
2813
2813
2813
2814
2(15
219
2820
2820
2820
2821
2822
2823
2825
2826
2826
2827
2829
2830
2834
2834
2836
2838
240
2841
2846
2847
2849
2849
2851
2852
2853
2855
2855
2856
2856
2855
2859
2861
2861
2863
2863
2864
2865
2865
2866
2866
2867
2868
2869
2869
2871
2872
2872
2874
2875
2878
2879
2880
2880
2881
2882
2883
2883
2886
2887
2887
2888
2889
2890
2890
2893
2893
2897
2897
2897
2898
2899
2899
2899
2900
2901
2902
2904
2904
2907
2907
2908
2908
2908
2910
2913
2914
2915
2916
2917
2917
2918
2918
2918
2919
2919
2920
2924
2926
2927
2927
2933
2933
2936
2936
2938
2941
2942
2942
2943
2946
2947
2952
2952
2952
2954
2955
2956
2956
2956
2958
2959
2960
2960
2962
2962
2963
2964
2964
2964
2965
2965
2966
2967
2968
2969
2969
2970
2971
2971
2973
2973
2974
2974
2974
2975
2976
2976
2976
2977
2977
2977
2977
2978
2978
2979
2980
2980
2980
2982
2987
2988
2989
2989
2990
2991
2992
2992
2994
2995
2995
2995
2996
2998
2999
2999
3000
3001
3002
3003
3003
3005
3007
3008
3008
3009
3009
3009
3009
3010
3011
3012
3014
3014
3016
3018
3019
3020
3021
3021
3025
3025
3026
3026
3026
3027
3028
3029
3031
3031
3032
3033
3036
3038
3040
3040
3040
3041
3041
3044
3045
3045
3045
3046
3048
3049
3049
3051
3053
3054
3054
3055
3056
3057
3059
3060
3060
3067
3068
3068
3069
3072
3072
3073
3073
3073
3074
3077
3079
3079
3079
3080
3081
3081
3082
3084
3086
3086
3087
3088
3091
3093
3093
3094
3094
3095
3096
3096
3096
3098
3098
3098
3098
3099
3100
3100
3100
3101
3101
3102
3103
3104
3105
3109
3110
3110
3111
3113
3114
3115
3115
3115
3116
3117
3117
3117
3119
3122
3123
3124
3125
3126
3127
3127
3127
3128
3129
3130
3130
3134
3135
3135
3136
3139
3139
3141
3143
3148
3150
3151
3153
3155
3156
3157
3160
3160
3162
3163
3163
3164
3165
3166
3166
3168
3168
3171
3172
3172
3173
3173
3174
3175
3176
3177
3181
3184
3185
3186
3187
3187
3188
3189
3189
3189
3192
3192
3193
3195
3195
3195
3196
3200
3200
3202
3203
3206
3207
3211
3213
3214
3215
3215
3216
3217
3217
3217
3219
3221
3222
3224
3224
3224
3225
3228
3229
3229
3230
3232
3233
3233
3233
3237
3239
3239
3239
3239
3240
3240
3241
3244
3245
3248
3249
3249
3252
3252
3254
3255
3256
3256
3259
3259
3260
3262
3262
3262
3262
3263
3263
3264
3264
3265
3265
3268
3268
3277
3277
3278
3278
3278
3280
3281
3282
3282
3282
3283
3283
3283
3284
3287
3288
3288
3289
3290
3290
3291
3291
3291
3291
3291
3292
3293
3295
3297
3299
3302
3302
3302
3302
3303
3303
3303
3303
3304
3306
3307
3312
3312
3314
3314
3316
3319
3320
3320
3321
3323
3323
3323
3324
3325
3328
3328
3330
3331
3331
3331
3331
3332
3332
3333
3334
3334
3334
3335
3335
3336
3338
3339
3341
3342
3343
3343
3345
3348
3348
3350
3351
3354
3354
3355
3355
3357
3357
3357
3361
3363
3363
3364
3365
3367
3368
3368
3369
3369
3371
3371
3372
3372
3373
3375
3375
3376
3376
3379
3379
3380
3384
3385
3386
3386
3388
3389
3389
3390
3390
3390
3390
3392
3395
3397
3399
3400
3400
3404
3406
3406
3407
3410
3413
3417
3417
3418
3419
3420
3420
3421
3421
3422
3423
3423
3424
3424
3426
3428
3428
3429
3430
3431
3433
3434
3437
3439
3439
3441
3442
3442
3443
3444
3444
3445
3446
3447
3447
3448
3450
3451
3451
3452
3456
3457
3457
3459
3460
3460
3462
3462
3463
3464
3465
3465
3465
3465
3466
3468
3470
3470
3471
3471
3471
3472
3475
3475
3476
3477
3477
3478
3479
3479
3479
3482
3487
3488
3490
3491
3493
3494
3494
3494
3495
3495
3495
3495
3496
3498
3499
3500
3501
3502
3502
3503
3503
3503
3503
3504
3504
3505
3505
3505
3506
3506
3507
3507
3508
3508
3509
3509
3511
3511
3512
3512
3512
3512
3513
3518
3518
3519
3519
3519
3521
3521
3522
3523
3523
3525
3525
3526
3527
3528
3531
3531
3535
3535
3536
3536
3538
3538
3538
3541
3542
3542
3542
3542
3543
3543
3543
3544
3546
3548
3549
3552
3552
3553
3554
3555
3555
3557
3557
3558
3558
3558
3558
3558
3559
3560
3562
3564
3564
3565
3566
3570
3570
3570
3571
3572
3572
3573
3573
3574
3575
3576
3578
3578
3580
3582
3582
3583
3584
3584
3585
3585
3587
3588
3589
3591
3591
3592
3593
3597
3597
3597
3598
3598
3598
3601
3604
3604
3607
3607
3608
3608
3609
3612
3612
3613
3614
3615
3615
3618
3618
3619
3619
3620
3620
3621
3622
3626
3626
3627
3627
3628
3629
3629
3631
3631
3631
3632
3634
3635
3636
3637
3637
3639
3643
3643
3645
3645
3646
3646
3646
3648
3649
3650
3652
3652
3653
3653
3655
3656
3657
3659
3659
3660
3661
3662
3663
3663
3663
3665
3667
3667
3668
3668
3669
3671
3671
3671
3677
3677
3678
3680
3680
3682
3682
3684
3685
3690
3691
3691
3692
3692
3692
3693
3694
3695
3696
3697
3697
3697
3698
3699
3699
3699
3700
3700
3700
3701
3701
3702
3703
3704
3705
3707
3708
3710
3711
3712
3713
3713
3714
3714
3717
3718
3719
3720
3721
3721
3722
3723
3723
3725
3726
3726
3727
3727
3727
3728
3730
3730
3730
3732
3732
3734
3741
3741
3742
3742
3743
3743
3744
3744
3746
3750
3752
3752
3753
3754
3755
3755
3756
3756
3759
3761
3763
3763
3764
3765
3765
3766
3766
3767
3767
3767
3768
3769
3771
3772
3773
3775
3775
3777
3779
3781
3782
3783
3784
3785
3786
3787
3787
3788
3789
3789
3789
3792
3792
3794
3796
3797
3797
3798
3799
3800
3801
3801
3804
3808
3808
3808
3809
3809
3809
3810
3810
3812
3816
3818
3818
3821
3822
3824
3825
3826
3826
3826
3827
3828
3828
3829
3829
3830
3831
3831
3832
3832
3833
3833
3833
3834
3835
3836
3836
3837
3838
3838
3839
3839
3840
3842
3843
3843
3844
3844
3845
3848
3848
3850
3850
3851
3851
3851
3852
3852
3852
3852
3852
3853
3854
3854
3856
3857
3858
3865
3865
3866
3867
3868
3868
3869
3869
3869
3871
3872
3872
3873
3873
3875
3875
3875
3875
3876
3876
3876
3878
3880
3884
3886
3886
3887
3889
3890
3890
3890
3892
3892
3893
3895
3898
3899
3902
3903
3904
3906
3906
3906
3908
3908
3908
3910
3912
3912
3914
3915
3915
3915
3916
3918
3918
3919
3919
3919
3921
3921
3922
3923
3924
3924
3925
3925
3926
3926
3926
3928
3928
3931
3932
3932
3935
3936
3936
3937
3937
3937
3939
3939
3940
3941
3941
3941
3942
3942
3943
3943
3944
3946
3947
3947
3948
3949
3950
3951
3952
3952
3954
3957
3960
3962
3963
3964
3966
3966
3966
3966
3966
3966
3968
3969
3969
3970
3970
3971
3972
3973
3974
3974
3976
3977
3978
3978
3979
3979
3981
3981
3981
3982
3985
3986
3987
3988
3988
3989
3990
3991
3993
3994
3994
3994
3997
3997
3998
3998
4000
4000
4000
4001
4001
4002
4003
4003
4004
4004
4005
4009
4009
4009
4010
4010
4010
4011
4012
4012
4012
4013
4013
4015
4016
4016
4016
4017
4017
4017
4018
4019
4020
4020
4020
4022
4022
4022
4024
4025
4027
4028
4030
4032
4033
4034
4037
4037
4038
4038
4038
4039
4040
4041
4041
4041
4043
4043
4043
4045
4047
4048
4048
4049
4054
4054
4056
4056
4056
4057
4057
4058
4059
4059
4060
4060
4061
4061
4062
4064
4064
4065
4066
4069
4070
4070
4070
4071
4071
4073
4075
4075
4076
4077
4079
4079
4080
4080
4080
4081
4082
4082
4082
4086
4086
4090
4091
4091
4091
4091
4093
4093
4094
4097
4097
4099
4102
4102
4102
4102
4103
4103
4104
4105
4105
4108
4110
4111
4112
4112
4117
4118
4119
4119
4120
4121
4121
4121
4124
4124
4124
4124
4127
4128
4128
4130
4131
4131
4132
4132
4133
4137
4137
4137
4138
4138
4140
4140
4140
4143
4145
4145
4147
4147
4148
4149
4149
4149
4151
4151
4152
4153
4154
4154
4154
4155
4155
4156
4158
4158
4159
4159
4160
4160
4161
4161
4162
4163
4164
4164
4165
4165
4166
4166
4167
4170
4171
4171
4173
4174
4175
4176
4179
4182
4182
4184
4185
4185
4186
4187
4188
4188
4191
4192
4192
4192
4193
4194
4196
4198
4199
4199
4199
4200
4200
4201
4201
4202
4205
4205
4208
4208
4208
4209
4212
4214
4215
4216
4218
4218
4219
4219
4223
4225
4226
4227
4227
4229
4229
4230
4231
4232
4232
4234
4234
4239
4241
4242
4243
4243
4244
4245
4247
4248
4248
4248
4249
4252
4252
4254
4255
4255
4259
4260
4260
4261
4261
4263
4265
4267
4268
4272
4273
4273
4273
4273
4274
4274
4274
4275
4276
4276
4277
4278
4278
4279
4279
4280
4281
4282
4286
4288
4288
4291
4291
4292
4292
4293
4293
4293
4294
4294
4299
4299
4299
4300
4300
4300
4300
4303
4308
4309
4311
4314
4314
4314
4315
4317
4317
4317
4319
4320
4321
4322
4325
4325
4326
4327
4328
4329
4330
4330
4330
4332
4333
4338
4339
4339
4339
4340
4340
4340
4342
4343
4344
4346
4346
4346
4347
4347
4347
4347
4348
4349
4350
4350
4351
4351
4351
4353
4354
4354
4355
4358
4358
4359
4359
4359
4361
4363
4363
4363
4364
4365
4365
4365
4365
4366
4366
4367
4368
4372
4372
4373
4373
4374
4380
4381
4383
4384
4384
4384
4384
4385
4385
4386
4386
4387
4387
4388
4389
4389
4390
4391
4391
4394
4395
4397
4399
4401
4401
4402
4403
4403
4403
4404
4405
4405
4406
4406
4407
4408
4409
4410
4413
4413
4413
4413
4415
4416
4416
4416
4418
4418
4418
4419
4420
4420
4421
4422
4423
4423
4430
4434
4434
4435
4436
4436
4437
4437
4437
4438
4439
4439
4441
4442
4443
4443
4443
4447
4448
4450
4450
4451
4453
4454
4455
4456
4457
4458
4458
4459
4459
4460
4460
4460
4462
4464
4466
4467
4468
4469
4469
4472
4472
4473
4473
4474
4475
4476
4477
4477
4477
4477
4478
4479
4479
4480
4481
4481
4483
4483
4488
4488
4488
4489
4489
4490
4493
4493
4494
4495
4495
4498
4499
4499
4500
4500
4501
4502
4503
4504
4504
4505
4506
4511
4513
4513
4515
4516
4517
4517
4519
4520
4520
4522
4522
4522
4524
4525
4527
4528
4531
4533
4534
4534
4534
4535
4537
4537
4538
4538
4539
4541
4541
4544
4545
4545
4546
4547
4547
4548
4549
4550
4550
4551
4551
4551
4552
4553
4554
4558
4558
4559
4559
4561
4563
4564
4564
4565
4567
4567
4567
4568
4568
4569
4570
4571
4571
4571
4572
4573
4574
4577
4580
4580
4580
4580
4580
4581
4581
4582
4582
4582
4582
4584
4584
4585
4585
4585
4585
4585
4587
4590
4591
4592
4592
4593
4595
4595
4597
4597
4598
4599
4599
4601
4601
4602
4603
4606
4608
4608
4611
4612
4612
4614
4614
4614
4615
4615
4615
4617
4618
4619
4620
4622
4623
4623
4624
4625
4625
4627
4628
4629
4630
4630
4631
4631
4631
4631
4632
4634
4636
4636
4640
4640
4643
4644
4644
4644
4645
4646
4646
4647
4647
4648
4649
4649
4650
4652
4655
4658
4661
4662
4662
4662
4662
4664
4664
4665
4665
4665
4666
4666
4666
4666
4667
4668
4669
4670
4671
4672
4673
4673
4674
4675
4675
4677
4678
4679
4681
4683
4685
4685
4685
4685
4686
4686
4687
4687
4688
4688
4688
4689
4689
4690
4690
4691
4692
4693
4693
4694
4695
4695
4695
4697
4697
4697
4698
4699
4700
4703
4704
4705
4707
4707
4709
4709
4710
4710
4711
4712
4713
4714
4715
4716
4716
4716
4716
4718
4718
4718
4719
4721
4723
4724
4725
4726
4727
4727
4727
4728
4730
4731
4731
4731
4733
4735
4736
4736
4736
4737
4738
4739
4739
4741
4743
4744
4744
4746
4747
4747
4749
4750
4750
4751
4752
4752
4753
4754
4754
4755
4757
4760
4760
4762
4763
4763
4764
4764
4764
4765
4766
4766
4767
4773
4774
4776
4776
4777
4778
4778
4779
4780
4785
4785
4787
4788
4788
4789
4790
4793
4794
4794
4795
4799
4799
4800
4800
4800
4801
4802
4803
4804
4804
4807
4808
4808
4809
4812
4812
4813
4813
4817
4817
4817
4819
4820
4820
4820
4822
4822
4822
4823
4824
4827
4827
4828
4828
4829
4829
4829
4832
4832
4833
4834
4836
4838
4840
4841
4841
4842
4842
4845
4846
4846
4847
4850
4855
4857
4857
4858
4858
4860
4865
4869
4869
4871
4872
4874
4879
4879
4880
4881
4883
4885
4886
4890
4893
4894
4895
4895
4896
4898
4899
4902
4902
4902
4903
4906
4907
4907
4909
4910
4910
4910
4911
4911
4912
4912
4913
4914
4915
4916
4916
4916
4916
4917
4919
4921
4923
4925
4925
4926
4926
4926
4928
4930
4931
4931
4932
4932
4932
4933
4933
4934
4935
4935
4935
4935
4937
4938
4938
4938
4939
4941
4944
4944
4945
4946
4946
4947
4948
4949
4949
4949
4953
4953
4954
4955
4955
4956
4957
4957
4958
4958
4959
4959
4959
4959
4961
4961
4963
4963
4964
4965
4969
4970
4971
4972
4973
4974
4974
4975
4976
4977
4978
4978
4979
4981
4982
4983
4985
4986
4988
4989
4989
4990
4991
4991
4991
4994
4994
4996
4997
4997
4999
5005
5005
5005
5008
5009
5009
5009
5010
5011
5012
5012
5013
5014
5014
5016
5016
5019
5019
5020
5020
5021
5021
5023
5024
5024
5026
5026
5027
5027
5028
5028
5028
5029
5030
5031
5032
5033
5034
5035
5037
5040
5040
5041
5042
5043
5043
5043
5044
5044
5044
5046
5052
5053
5055
5057
5058
5059
5059
5061
5061
5061
5061
5062
5063
5063
5064
5065
5066
5067
5067
5067
5068
5069
5073
5074
5074
5075
5076
5076
5076
5078
5080
5080
5082
5086
5087
5088
5088
5088
5091
5092
5092
5094
5096
5097
5099
5099
5101
5101
5101
5103
5105
5105
5105
5107
5107
5110
5111
5111
5112
5115
5115
5116
5117
5117
5121
5123
5124
5124
5124
5125
5125
5126
5127
5129
5129
5129
5130
5131
5132
5134
5135
5136
5138
5139
5139
5140
5140
5141
5142
5142
5143
5144
5144
5146
5146
5146
5146
5147
5148
5154
5156
5156
5156
5158
5158
5159
5159
5160
5160
5161
5161
5163
5163
5164
5165
5167
5167
5168
5170
5170
5170
5171
5172
5172
5174
5174
5176
5177
5178
5179
5180
5181
5182
5182
5182
5182
5183
5183
5184
5185
5185
5186
5186
5187
5188
5188
5188
5188
5189
5191
5196
5196
5196
5197
5197
5198
5198
5199
5199
5201
5202
5203
5204
5207
5208
5210
5213
5214
5214
5216
5216
5217
5219
5219
5219
5219
5221
5223
5226
5227
5227
5228
5228
5229
5229
5230
5231
5231
5232
5232
5233
5240
5241
5243
5244
5247
5247
5248
5248
5248
5250
5252
5253
5253
5254
5254
5254
5255
5257
5257
5257
5259
5259
5259
5260
5261
5261
5262
5262
5263
5264
5266
5266
5269
5269
5270
5271
5272
5273
5274
5275
5276
5277
5277
5278
5278
5279
5279
5279
5280
5281
5282
5282
5283
5286
5289
5293
5295
5295
5297
5297
5298
5298
5299
5300
5300
5301
5301
5302
5303
5303
5306
5307
5307
5307
5307
5308
5309
5311
5311
5311
5312
5313
5314
5314
5316
5317
5319
5320
5321
5322
5322
5323
5323
5324
5325
5326
5328
5329
5330
5331
5331
5333
5333
5333
5334
5334
5334
5336
5336
5337
5339
5339
5341
5342
5344
5344
5345
5346
5347
5347
5347
5348
5349
5352
5352
5353
5353
5354
5356
5356
5356
5357
5358
5359
5362
5362
5362
5363
5364
5365
5366
5367
5368
5369
5373
5374
5375
5376
5378
5378
5379
5379
5381
5381
5382
5385
5386
5386
5386
5388
5388
5388
5389
5390
5391
5393
5394
5394
5395
5396
5399
5401
5401
5401
5404
5405
5409
5409
5410
5411
5412
5413
5414
5414
5415
5415
5416
5416
5417
5418
5418
5418
5421
5422
5423
5423
5426
5429
5431
5432
5432
5432
5432
5433
5433
5437
5438
5440
5443
5443
5447
5448
5449
5449
5449
5451
5451
5451
5453
5455
5456
5457
5457
5458
5459
5460
5460
5461
5461
5461
5464
5464
5465
5466
5466
5466
5467
5467
5467
5467
5470
5471
5471
5473
5475
5476
5476
5478
5479
5481
5482
5485
5486
5486
5486
5486
5487
5489
5489
5490
5491
5491
5491
5492
5492
5492
5493
5494
5494
5497
5497
5498
5498
5500
5500
5500
5502
5502
5504
5506
5507
5508
5512
5513
5513
5514
5514
5514
5515
5515
5517
5520
5523
5523
5524
5525
5527
5531
5532
5532
5533
5533
5533
5533
5534
5535
5537
5538
5539
5540
5540
5540
5543
5544
5545
5545
5545
5547
5553
5553
5554
5554
5556
5556
5557
5558
5558
5560
5560
5560
5561
5562
5562
5563
5563
5564
5565
5565
5567
5568
5568
5569
5570
5570
5570
5571
5579
5579
5580
5580
5581
5583
5584
5585
5587
5589
5590
5591
5592
5593
5593
5594
5594
5595
5595
5595
5598
5599
5600
5601
5601
5602
5603
5604
5605
5606
5607
5610
5611
5612
5612
5614
5615
5616
5616
5617
5621
5623
5624
5626
5626
5628
5628
5629
5630
5630
5631
5632
5634
5637
5639
5641
5641
5643
5643
5644
5645
5646
5646
5647
5648
5648
5648
5648
5649
5653
5653
5654
5654
5656
5656
5657
5658
5658
5659
5662
5662
5663
5663
5664
5665
5665
5665
5666
5669
5672
5672
5674
5674
5675
5678
5679
5679
5681
5681
5682
5682
5683
5684
5684
5685
5687
5687
5689
5690
5691
5693
5693
5695
5696
5698
5699
5700
5701
5702
5704
5705
5705
5705
5705
5706
5706
5708
5708
5709
5709
5710
5711
5711
5713
5713
5713
5714
5714
5715
5717
5718
5720
5721
5722
5722
5724
5724
5725
5725
5726
5728
5728
5728
5729
5729
5729
5729
5730
5732
5732
5734
5735
5735
5736
5737
5743
5744
5746
5749
5750
5751
5754
5754
5757
5758
5759
5760
5760
5761
5761
5763
5763
5767
5767
5768
5771
5772
5773
5773
5774
5776
5777
5778
5779
5779
5783
5786
5786
5786
5787
5787
5789
5790
5790
5791
5791
5794
5794
5795
5795
5798
5798
5799
5800
5801
5801
5802
5803
5803
5804
5806
5806
5808
5809
5809
5809
5810
5810
5811
5811
5812
5814
5814
5814
5814
5815
5815
5816
5818
5818
5821
5823
5824
5824
5824
5826
5826
5828
5828
5831
5831
5832
5834
5837
5838
5839
5841
5842
5843
5843
5844
5846
5847
5847
5848
5849
5851
5852
5853
5854
5856
5856
5856
5857
5857
5857
5859
5859
5860
5862
5862
5863
5870
5871
5871
5871
5872
5872
5874
5875
5876
5876
5876
5877
5878
5878
5880
5880
5884
5884
5885
5885
5888
5888
5890
5891
5892
5893
5894
5894
5894
5895
5895
5896
5897
5898
5898
5899
5899
5899
5899
5900
5906
5907
5908
5911
5914
5915
5915
5916
5917
5919
5919
5919
5919
5922
5924
5924
5924
5925
5925
5925
5928
5929
5932
5933
5934
5939
5939
5939
5940
5942
5942
5943
5944
5947
5947
5948
5949
5949
5949
5950
5952
5954
5956
5956
5957
5962
5963
5964
5965
5965
5966
5968
5969
5969
5971
5971
5971
5973
5973
5974
5977
5979
5980
5980
5983
5984
5985
5986
5987
5987
5988
5988
5988
5989
5993
5993
5993
5995
5995
5996
5998
5999
6001
6001
6002
6004
6004
6004
6005
6005
6005
6006
6008
6009
6009
6009
6009
6009
6009
6013
6015
6015
6016
6018
6018
6020
6020
6021
6024
6028
6029
6032
6032
6033
6034
6035
6035
6036
6037
6042
6044
6046
6046
6046
6048
6051
6051
6052
6053
6053
6057
6058
6058
6058
6059
6059
6059
6060
6060
6060
6061
6062
6062
6062
6063
6063
6064
6068
6069
6071
6071
6073
6076
6077
6077
6077
6079
6079
6080
6080
6081
6081
6083
6083
6086
6086
6087
6088
6089
6089
6090
6092
6092
6096
6096
6097
6097
6098
6099
6099
6100
6100
6102
6102
6102
6102
6102
6103
6106
6107
6107
6107
6109
6111
6112
6112
6116
6118
6119
6121
6122
6125
6126
6130
6131
6131
6133
6135
6135
6136
6138
6141
6142
6142
6142
6143
6144
6145
6146
6146
6150
6152
6154
6154
6154
6155
6157
6157
6157
6158
6158
6161
6161
6164
6167
6168
6168
6172
6174
6174
6177
6177
6178
6182
6182
6183
6183
6184
6184
6185
6185
6186
6189
6190
6190
6190
6191
6194
6196
6197
6197
6198
6200
6201
6201
6203
6203
6204
6204
6205
6209
6212
6212
6213
6215
6215
6216
6216
6218
6218
6218
6218
6218
6220
6220
6222
6227
6227
6227
6228
6229
6231
6231
6231
6232
6234
6234
6235
6236
6237
6237
6238
6238
6238
6239
6239
6240
6241
6242
6243
6244
6248
6248
6249
6251
6251
6252
6252
6253
6255
6255
6256
6256
6256
6257
6257
6258
6260
6261
6264
6265
6267
6267
6268
6269
6269
6270
6270
6271
6272
6275
6278
6279
6281
6283
6283
6283
6283
6286
6287
6287
6287
6290
6291
6293
6295
6295
6296
6298
6300
6302
6302
6303
6303
6303
6304
6305
6305
6306
6306
6306
6307
6307
6308
6309
6310
6310
6311
6311
6311
6312
6313
6313
6313
6314
6315
6315
6316
6319
6320
6322
6322
6322
6323
6323
6323
6323
6324
6324
6325
6325
6326
6326
6327
6327
6328
6330
6332
6334
6335
6336
6338
6341
6341
6344
6345
6347
6349
6349
6350
6350
6350
6352
6353
6353
6354
6354
6356
6359
6361
6362
6365
6365
6366
6366
6366
6366
6366
6367
6367
6367
6367
6368
6368
6369
6370
6373
6374
6376
6378
6380
6385
6385
6386
6386
6387
6388
6388
6389
6391
6391
6391
6394
6394
6394
6395
6395
6395
6395
6397
6397
6399
6400
6401
6402
6402
6403
6405
6405
6405
6406
6407
6409
6410
6411
6412
6413
6414
6416
6418
6419
6419
6421
6421
6421
6422
6423
6425
6426
6427
6430
6432
6433
6433
6434
6435
6436
6436
6438
6440
6441
6441
6442
6442
6443
6443
6444
6445
6446
6446
6448
6449
6451
6451
6452
6455
6455
6456
6457
6459
6460
6461
6461
6462
6462
6462
6462
6463
6464
6465
6465
6468
6469
6471
6472
6474
6476
6476
6476
6477
6480
6480
6481
6482
6482
6482
6483
6483
6483
6483
6484
6484
6485
6486
6486
6486
6487
6487
6489
6491
6494
6498
6499
6500
6502
6502
6502
6503
6503
6505
6505
6505
6506
6506
6507
6508
6510
6510
6512
6514
6515
6521
6521
6522
6523
6523
6524
6525
6526
6526
6527
6527
6528
6528
6529
6530
6530
6532
6532
6533
6534
6538
6539
6540
6540
6541
6541
6542
6542
6544
6544
6548
6549
6550
6554
6554
6556
6557
6557
6557
6557
6558
6559
6561
6561
6563
6565
6566
6569
6570
6570
6570
6571
6572
6573
6575
6575
6575
6576
6576
6576
6577
6581
6581
6582
6585
6586
6588
6588
6589
6589
6593
6595
6595
6597
6597
6601
6601
6604
6605
6605
6605
6606
6606
6608
6609
6612
6613
6614
6616
6616
6617
6617
6618
6621
6621
6622
6622
6624
6625
6629
6630
6631
6632
6633
6637
6638
6638
6639
6641
6641
6643
6647
6647
6648
6648
6649
6649
6649
6650
6650
6651
6652
6652
6652
6653
6654
6654
6656
6656
6658
6658
6661
6663
6663
6663
6665
6665
6665
6666
6667
6667
6668
6668
6669
6671
6672
6675
6676
6677
6679
6679
6681
6681
6682
6684
6684
6686
6686
6688
6688
6688
6689
6691
6691
6692
6692
6693
6694
6694
6695
6697
6701
6708
6708
6710
6711
6711
6711
6713
6713
6714
6714
6715
6715
6716
6716
6717
6720
6720
6721
6723
6723
6726
6727
6729
6730
6733
6733
6735
6735
6736
6736
6739
6739
6739
6741
6741
6742
6743
6745
6745
6746
6747
6747
6748
6753
6753
6755
6755
6758
6758
6759
6761
6762
6763
6763
6765
6765
6766
6767
6767
6768
6768
6769
6770
6772
6773
6775
6776
6777
6778
6779
6781
6781
6783
6785
6786
6787
6788
6788
6788
6789
6791
6791
6792
6793
6793
6794
6795
6797
6798
6798
6802
6803
6803
6804
6804
6806
6806
6807
6807
6808
6813
6814
6817
6817
6817
6820
6821
6822
6823
6823
6823
6824
6825
6825
6825
6825
6827
6829
6830
6831
6832
6834
6835
6835
6837
6837
6837
6840
6841
6842
6843
6844
6844
6844
6844
6844
6845
6846
6846
6846
6846
6847
6847
6847
6848
6848
6850
6853
6854
6856
6860
6860
6860
6861
6861
6861
6862
6862
6862
6863
6864
6864
6869
6869
6869
6870
6870
6872
6872
6872
6874
6875
6877
6877
6877
6878
6879
6879
6882
6882
6882
6883
6884
6885
6886
6887
6887
6889
6891
6892
6893
6894
6895
6895
6896
6897
6897
6898
6900
6900
6901
6902
6902
6902
6904
6905
6905
6905
6906
6906
6906
6907
6907
6909
6910
6912
6914
6914
6915
6915
6916
6916
6917
6917
6918
6920
6924
6928
6928
6930
6930
6930
6931
6933
6936
6937
6939
6940
6941
6942
6942
6944
6944
6945
6945
6946
6955
6955
6956
6957
6957
6959
6960
6961
6962
6963
6963
6964
6964
6964
6965
6965
6966
6966
6966
6968
6972
6973
6974
6976
6977
6977
6978
6979
6979
6980
6980
6983
6986
6988
6989
6990
6993
6993
6993
6994
6996
6996
6997
6997
6998
6999
7001
7003
7004
7005
7006
7007
7007
7010
7010
7012
7013
7014
7016
7016
7016
7019
7020
7021
7022
7022
7025
7025
7026
7028
7028
7029
7029
7029
7032
7033
7035
7035
7042
7043
7044
7045
7045
7045
7046
7047
7048
7050
7052
7052
7054
7057
7059
7060
7060
7060
7066
7067
7068
7071
7075
7075
7075
7077
7079
7079
7080
7080
7081
7082
7082
7085
7086
7088
7089
7090
7092
7092
7093
7094
7095
7095
7095
7096
7096
7096
7097
7097
7097
7098
7101
7102
7104
7105
7105
7107
7107
7113
7114
7116
7117
7118
7118
7120
7121
7122
7123
7124
7124
7124
7124
7124
7125
7125
7127
7128
7133
7135
7136
7137
7138
7139
7139
7140
7141
7141
7144
7144
7144
7144
7146
7147
7150
7156
7157
7158
7158
7159
7159
7160
7160
7162
7163
7163
7165
7166
7167
7168
7168
7168
7171
7172
7172
7173
7175
7177
7177
7178
7179
7179
7181
7182
7182
7183
7184
7184
7186
7186
7188
7190
7195
7196
7197
7198
7199
7200
7201
7201
7203
7204
7204
7204
7205
7205
7206
7206
7207
7207
7209
7210
7210
7211
7211
7211
7212
7212
7214
7216
7216
7220
7222
7223
7224
7224
7225
7225
7226
7228
7229
7235
7235
7236
7237
7240
7242
7242
7243
7243
7244
7244
7247
7249
7249
7249
7250
7251
7251
7252
7252
7252
7254
7254
7258
7258
7260
7263
7266
7267
7268
7268
7269
7272
7272
7272
7274
7274
7275
7276
7276
7277
7277
7278
7278
7279
7281
7282
7284
7285
7286
7287
7287
7288
7289
7289
7290
7291
7291
7294
7294
7295
7295
7296
7296
7298
7299
7299
7300
7302
7303
7303
7304
7307
7307
7308
7308
7310
7312
7313
7314
7314
7315
7316
7316
7317
7317
7318
7319
7320
7322
7322
7324
7324
7324
7325
7326
7326
7327
7328
7329
7329
7331
7331
7331
7331
7332
7332
7335
7335
7335
7335
7335
7336
7337
7337
7338
7340
7340
7341
7341
7341
7342
7342
7343
7343
7344
7344
7344
7346
7347
7350
7350
7350
7351
7352
7352
7354
7354
7355
7355
7355
7356
7357
7358
7359
7359
7360
7360
7361
7362
7364
7364
7365
7367
7367
7371
7371
7371
7371
7372
7373
7374
7375
7376
7376
7377
7378
7379
7381
7381
7381
7383
7384
7385
7387
7388
7392
7394
7396
7396
7398
7399
7399
7399
7400
7402
7402
7402
7403
7405
7406
7406
7407
7408
7408
7409
7410
7411
7412
7413
7414
7415
7415
7415
7418
7418
7419
7421
7424
7425
7425
7427
7428
7430
7432
7432
7435
7439
7439
7439
7441
7442
7442
7443
7443
7443
7443
7444
7445
7446
7447
7447
7447
7448
7449
7450
7451
7452
7457
7460
7460
7461
7462
7462
7462
7462
7463
7466
7466
7467
7467
7469
7469
7471
7473
7474
7474
7476
7480
7483
7483
7484
7485
7487
7487
7488
7489
7489
7490
7490
7491
7494
7494
7496
7499
7500
7500
7502
7503
7505
7507
7509
7510
7510
7512
7512
7514
7515
7520
7522
7523
7526
7526
7528
7529
7530
7532
7533
7533
7534
7535
7536
7536
7537
7538
7538
7539
7540
7540
7540
7540
7541
7542
7542
7544
7546
7547
7547
7548
7549
7549
7549
7550
7550
7551
7551
7552
7552
7552
7553
7554
7555
7555
7555
7556
7556
7557
7557
7557
7557
7557
7559
7559
7560
7560
7560
7563
7563
7563
7564
7564
7566
7566
7567
7569
7570
7572
7573
7574
7575
7575
7577
7577
7578
7581
7581
7582
7582
7582
7582
7583
7585
7586
7586
7587
7587
7588
7588
7589
7590
7590
7591
7591
7591
7593
7593
7593
7594
7594
7597
7597
7599
7600
7601
7601
7601
7602
7604
7604
7604
7605
7605
7606
7606
7608
7608
7608
7609
7611
7611
7613
7614
7615
7618
7620
7620
7621
7622
7623
7626
7626
7629
7629
7630
7632
7632
7633
7635
7636
7638
7638
7643
7644
7644
7645
7647
7647
7648
7649
7649
7649
7650
7651
7653
7654
7655
7658
7658
7659
7660
7661
7662
7662
7662
7663
7663
7663
7664
7665
7665
7666
7666
7668
7670
7670
7671
7671
7671
7673
7674
7674
7675
7675
7676
7676
7676
7677
7678
7680
7683
7684
7685
7686
7686
7686
7689
7690
7690
7691
7692
7693
7693
7695
7696
7697
7697
7697
7698
7698
7698
7701
7702
7702
7703
7703
7704
7704
7705
7706
7707
7708
7710
7710
7712
7713
7713
7713
7715
7716
7717
7721
7721
7722
7722
7723
7724
7724
7725
7729
7729
7729
7733
7734
7734
7736
7740
7742
7744
7746
7747
7747
7749
7750
7750
7751
7751
7751
7752
7755
7756
7756
7756
7756
7758
7759
7759
7760
7761
7761
7762
7762
7762
7762
7763
7764
7765
7765
7766
7766
7766
7767
7767
7767
7767
7769
7769
7770
7772
7774
7775
7775
7776
7776
7779
7780
7780
7781
7781
7783
7784
7784
7784
7784
7784
7784
7785
7785
7786
7786
7787
7787
7788
7789
7789
7792
7792
7792
7794
7796
7798
7798
7806
7809
7810
7812
7812
7812
7813
7815
7815
7817
7818
7820
7821
7822
7824
7825
7825
7825
7826
7829
7831
7831
7831
7832
7832
7833
7834
7836
7836
7836
7839
7840
7840
7844
7844
7846
7846
7848
7848
7849
7850
7851
7851
7852
7853
7855
7856
7857
7859
7859
7861
7861
7864
7864
7865
7866
7867
7868
7868
7868
7868
7870
7871
7871
7872
7872
7873
7873
7874
7875
7877
7878
7879
7880
7881
7882
7884
7885
7886
7887
7888
7889
7891
7892
7892
7893
7893
7894
7896
7897
7897
7900
7900
7903
7905
7905
7905
7906
7906
7906
7906
7906
7907
7908
7908
7908
7910
7910
7911
7911
7912
7913
7914
7914
7914
7915
7917
7918
7918
7919
7922
7922
7923
7925
7926
7927
7929
7930
7931
7932
7934
7936
7936
7937
7937
7938
7938
7938
7940
7941
7941
7943
7943
7945
7945
7947
7948
7949
7949
7951
7951
7951
7956
7957
7959
7960
7961
7963
7963
7965
7965
7966
7967
7970
7971
7971
7972
7972
7973
7973
7975
7975
7976
7976
7977
7977
7979
7979
7979
7980
7980
7980
7981
7981
7982
7983
7983
7985
7985
7986
7986
7988
7988
7988
7990
7990
7991
7992
7993
7994
7995
7996
7997
7999
8001
8002
8002
8003
8004
8004
8005
8005
8005
8006
8007
8010
8013
8014
8015
8015
8016
8017
8017
8018
8020
8021
8021
8022
8023
8025
8025
8026
8029
8029
8030
8032
8032
8032
8033
8033
8033
8034
8037
8037
8038
8040
8040
8040
8041
8042
8043
8044
8044
8045
8046
8047
8049
8049
8050
8051
8053
8053
8054
8055
8056
8059
8061
8062
8064
8066
8067
8067
8068
8069
8070
8071
8071
8071
8071
8072
8074
8078
8079
8079
8079
8080
8080
8081
8082
8082
8083
8084
8084
8084
8086
8087
8089
8091
8093
8094
8094
8095
8097
8098
8098
8099
8100
8100
8100
8100
8101
8101
8101
8102
8102
8102
8102
8102
8105
8109
8109
8109
8109
8109
8110
8113
8114
8120
8121
8121
8124
8125
8125
8125
8127
8127
8132
8132
8133
8134
8140
8140
8141
8142
8142
8146
8148
8150
8151
8153
8153
8155
8155
8155
8155
8156
8156
8159
8160
8161
8162
8163
8165
8166
8166
8166
8167
8167
8167
8169
8171
8171
8171
8172
8173
8174
8177
8178
8179
8180
8180
8181
8181
8182
8182
8182
8183
8184
8184
8187
8187
8188
8189
8189
8189
8190
8191
8191
8192
8194
8195
8196
8200
8200
8203
8203
8205
8205
8207
8208
8208
8212
8212
8213
8215
8215
8217
8218
8222
8222
8223
8224
8224
8226
8226
8226
8226
8227
8227
8228
8228
8228
8228
8229
8230
8231
8231
8231
8231
8232
8232
8232
8233
8235
8235
8237
8238
8239
8240
8240
8240
8241
8242
8242
8243
8244
8246
8246
8247
8247
8250
8252
8252
8253
8253
8253
8254
8254
8255
8255
8255
8259
8260
8261
8262
8262
8263
8265
8265
8266
8267
8271
8272
8273
8274
8274
8276
8276
8278
8280
8281
8281
8284
8284
8285
8285
8286
8286
8286
8287
8288
8288
8289
8290
8290
8291
8293
8295
8298
8298
8298
8299
8299
8301
8303
8304
8306
8307
8309
8310
8310
8312
8313
8314
8314
8314
8315
8318
8318
8319
8319
8321
8321
8321
8322
8323
8323
8326
8327
8330
8330
8332
8332
8332
8333
8333
8334
8335
8338
8338
8338
8339
8339
8341
8342
8344
8346
8346
8347
8347
8347
8348
8349
8350
8351
8352
8354
8357
8357
8357
8358
8358
8359
8360
8361
8362
8363
8363
8364
8365
8366
8367
8368
8369
8369
8370
8370
8372
8372
8372
8373
8374
8376
8378
8379
8379
8379
8379
8382
8382
8382
8383
8383
8384
8386
8386
8388
8391
8391
8394
8396
8396
8396
8397
8398
8399
8400
8401
8403
8404
8404
8404
8405
8405
8407
8407
8407
8407
8410
8410
8413
8413
8414
8415
8415
8416
8416
8416
8417
8417
8419
8419
8421
8422
8423
8423
8424
8424
8424
8424
8424
8424
8427
8428
8430
8431
8432
8435
8435
8435
8437
8438
8440
8440
8441
8441
8442
8443
8445
8445
8445
8446
8447
8448
8450
8450
8451
8453
8453
8455
8455
8455
8456
8456
8457
8460
8460
8460
8461
8461
8462
8465
8465
8467
8470
8470
8471
8475
8476
8476
8476
8477
8477
8478
8478
8478
8479
8481
8482
8483
8483
8483
8484
8485
8487
8487
8487
8488
8489
8490
8491
8491
8495
8496
8498
8500
8500
8501
8502
8503
8503
8504
8505
8505
8505
8507
8508
8509
8510
8510
8511
8511
8512
8512
8512
8513
8514
8515
8515
8519
8522
8523
8524
8524
8525
8526
8529
8533
8533
8534
8535
8537
8539
8541
8543
8543
8543
8543
8544
8544
8548
8548
8549
8549
8550
8550
8550
8551
8552
8553
8554
8554
8555
8555
8558
8558
8559
8561
8561
8562
8562
8565
8566
8567
8568
8568
8569
8569
8570
8573
8574
8574
8574
8576
8578
8578
8579
8581
8583
8583
8584
8585
8585
8585
8586
8587
8588
8588
8590
8591
8592
8592
8594
8594
8594
8595
8596
8597
8598
8598
8599
8599
8600
8600
8601
8601
8603
8604
8605
8609
8609
8610
8612
8612
8612
8614
8615
8615
8615
8616
8616
8617
8617
8618
8619
8620
8620
8620
8620
8620
8621
8622
8622
8623
8624
8625
8625
8627
8627
8629
8629
8629
8630
8631
8631
8633
8635
8636
8636
8637
8638
8639
8639
8640
8641
8642
8643
8644
8646
8646
8647
8647
8647
8647
8648
8649
8651
8653
8654
8654
8655
8655
8655
8656
8656
8657
8657
8657
8657
8659
8661
8663
8663
8665
8666
8667
8669
8670
8671
8673
8675
8676
8677
8677
8678
8681
8681
8682
8682
8685
8685
8688
8688
8689
8695
8696
8697
8697
8697
8698
8700
8701
8701
8702
8703
8704
8704
8704
8705
8706
8706
8707
8708
8710
8711
8712
8712
8713
8713
8714
8715
8717
8719
8719
8721
8722
8723
8724
8725
8728
8728
8728
8728
8730
8730
8731
8731
8732
8735
8736
8736
8738
8738
8738
8739
8740
8741
8744
8744
8745
8748
8748
8748
8750
8750
8751
8753
8753
8753
8753
8754
8754
8755
8756
8757
8758
8759
8761
8761
8761
8762
8763
8763
8764
8764
8765
8766
8768
8769
8770
8771
8771
8774
8774
8775
8775
8776
8776
8777
8779
8779
8779
8779
8780
8780
8780
8783
8788
8788
8788
8789
8791
8792
8796
8797
8798
8799
8799
8800
8801
8801
8805
8806
8806
8807
8809
8810
8811
8812
8813
8813
8814
8814
8814
8814
8814
8816
8818
8818
8818
8820
8820
8821
8821
8821
8823
8824
8824
8825
8825
8827
8828
8828
8831
8831
8832
8833
8834
8835
8837
8837
8837
8842
8842
8848
8848
8849
8851
8852
8852
8853
8854
8854
8856
8857
8858
8858
8858
8859
8860
8860
8860
8861
8862
8863
8864
8865
8867
8868
8869
8870
8871
8874
8878
8878
8879
8879
8880
8880
8881
8881
8884
8887
8887
8888
8889
8891
8891
8894
8900
8902
8902
8903
8903
8903
8904
8905
8906
8906
8907
8907
8907
8908
8908
8909
8911
8911
8911
8912
8912
8912
8913
8914
8914
8916
8917
8918
8918
8920
8921
8921
8922
8926
8927
8927
8927
8929
8929
8932
8933
8936
8937
8937
8938
8938
8941
8941
8942
8945
8946
8946
8947
8948
8949
8950
8951
8952
8953
8953
8954
8955
8955
8960
8960
8962
8962
8962
8963
8965
8965
8965
8966
8966
8968
8968
8969
8970
8970
8971
8971
8973
8973
8974
8974
8975
8976
8977
8977
8978
8978
8979
8979
8985
8986
8986
8986
8987
8987
8988
8991
8992
8994
8995
8995
8996
8996
8996
8999
9004
9005
9007
9008
9008
9009
9012
9012
9013
9015
9017
9017
9017
9018
9019
9020
9021
9022
9023
9024
9026
9027
9028
9029
9029
9029
9030
9030
9031
9033
9034
9035
9036
9036
9037
9039
9040
9041
9042
9042
9042
9042
9044
9045
9046
9047
9047
9048
9049
9049
9049
9050
9050
9052
9055
9055
9057
9057
9058
9060
9060
9061
9062
9063
9063
9064
9067
9068
9068
9070
9070
9071
9072
9072
9072
9074
9075
9079
9079
9079
9080
9082
9083
9084
9085
9085
9087
9088
9089
9089
9090
9090
9093
9093
9095
9095
9095
9097
9097
9099
9099
9100
9100
9100
9101
9102
9102
9103
9105
9105
9106
9109
9109
9110
9112
9116
9116
9118
9119
9119
9121
9122
9122
9122
9123
9124
9129
9132
9132
9133
9134
9134
9135
9135
9137
9138
9140
9141
9141
9143
9145
9145
9146
9146
9147
9147
9147
9147
9149
9149
9150
9152
9152
9152
9153
9153
9153
9154
9154
9159
9163
9163
9164
9165
9166
9166
9166
9170
9172
9172
9173
9174
9174
9174
9176
9176
9177
9177
9178
9180
9181
9182
9183
9185
9187
9188
9188
9189
9191
9192
9193
9194
9196
9198
9200
9201
9201
9201
9202
9203
9204
9204
9205
9206
9206
9207
9208
9209
9211
9211
9217
9220
9220
9221
9221
9223
9223
9224
9226
9229
9233
9234
9234
9235
9235
9237
9237
9238
9242
9242
9242
9243
9244
9245
9245
9246
9248
9248
9249
9251
9252
9252
9253
9253
9254
9255
9255
9255
9256
9256
9257
9257
9257
9260
9261
9261
9263
9264
9265
9266
9267
9267
9267
9267
9268
9268
9269
9269
9269
9270
9270
9271
9271
9271
9271
9274
9275
9275
9276
9276
9278
9279
9282
9283
9284
9284
9286
9287
9287
9289
9291
9291
9292
9293
9293
9294
9294
9295
9295
9296
9297
9297
9298
9299
9299
9300
9300
9300
9300
9301
9303
9305
9306
9310
9311
9313
9316
9316
9316
9318
9318
9318
9318
9319
9319
9319
9321
9323
9324
9325
9325
9326
9326
9326
9327
9327
9328
9328
9328
9328
9328
9330
9330
9330
9333
9334
9335
9338
9341
9342
9344
9345
9345
9347
9347
9347
9347
9348
9351
9352
9352
9355
9355
9357
9357
9358
9360
9362
9364
9364
9366
9367
9367
9367
9368
9368
9368
9372
9374
9374
9374
9374
9375
9376
9377
9379
9379
9380
9380
9382
9384
9384
9385
9385
9385
9386
9386
9386
9390
9390
9393
9393
9394
9397
9398
9399
9401
9402
9403
9404
9406
9408
9408
9409
9410
9410
9411
9412
9412
9414
9415
9416
9417
9417
9417
9417
9418
9419
9421
9423
9424
9425
9425
9426
9428
9428
9431
9432
9434
9435
9440
9441
9442
9442
9443
9443
9443
9444
9444
9444
9446
9446
9451
9453
9455
9455
9458
9459
9460
9460
9461
9461
9462
9464
9465
9465
9467
9471
9471
9472
9473
9474
9475
9477
9478
9479
9480
9481
9482
9482
9482
9482
9485
9485
9485
9486
9487
9490
9490
9492
9494
9496
9496
9497
9498
9499
9499
9500
9500
9501
9501
9501
9502
9504
9505
9507
9508
9508
9509
9510
9511
9512
9514
9514
9516
9516
9516
9517
9518
9519
9520
9520
9521
9522
9523
9525
9525
9525
9527
9527
9527
9528
9530
9530
9531
9532
9537
9538
9538
9539
9542
9544
9544
9544
9546
9548
9549
9550
9552
9552
9552
9553
9554
9555
9557
9558
9558
9560
9561
9561
9563
9564
9565
9565
9566
9568
9569
9570
9571
9572
9572
9573
9574
9575
9575
9575
9578
9580
9580
9582
9582
9583
9585
9586
9586
9587
9587
9589
9589
9590
9590
9593
9594
9594
9594
9595
9596
9597
9597
9598
9601
9602
9603
9603
9603
9604
9604
9608
9609
9611
9611
9611
9613
9613
9614
9615
9616
9618
9619
9620
9621
9622
9625
9625
9626
9626
9627
9627
9628
9629
9631
9631
9634
9637
9638
9638
9640
9641
9641
9641
9644
9646
9648
9648
9648
9648
9652
9652
9652
9653
9654
9655
9655
9656
9658
9659
9660
9660
9661
9667
9669
9670
9670
9672
9672
9674
9674
9675
9676
9676
9676
9676
9678
9679
9680
9683
9683
9683
9683
9684
9684
9686
9686
9687
9687
9689
9690
9690
9691
9693
9694
9694
9695
9695
9698
9700
9701
9703
9703
9704
9704
9705
9706
9706
9708
9709
9709
9709
9709
9712
9712
9712
9712
9712
9713
9714
9715
9716
9717
9717
9718
9718
9720
9720
9722
9723
9725
9728
9729
9729
9730
9732
9733
9738
9739
9741
9742
9743
9744
9744
9745
9748
9749
9751
9751
9754
9755
9756
9758
9758
9763
9764
9764
9770
9770
9772
9774
9774
9774
9774
9775
9775
9775
9775
9776
9776
9776
9777
9778
9779
9779
9780
9782
9783
9783
9784
9785
9786
9787
9788
9789
9789
9791
9791
9793
9794
9796
9797
9799
9800
9800
9800
9801
9802
9803
9803
9804
9804
9804
9804
9805
9805
9806
9809
9811
9811
9812
9812
9815
9816
9816
9816
9816
9820
9821
9822
9822
9824
9827
9827
9828
9828
9829
9829
9830
9830
9832
9832
9834
9838
9840
9841
9842
9844
9844
9845
9845
9847
9848
9850
9851
9851
9852
9853
9854
9855
9856
9856
9857
9857
9861
9861
9864
9865
9866
9867
9869
9869
9869
9869
9870
9870
9874
9875
9878
9881
9881
9882
9884
9886
9888
9888
9889
9891
9891
9893
9893
9893
9894
9894
9895
9897
9897
9897
9897
9898
9899
9900
9900
9902
9903
9907
9907
9907
9910
9910
9911
9912
9912
9914
9915
9916
9916
9918
9918
9919
9920
9922
9925
9926
9927
9928
9930
9933
9933
9934
9936
9937
9938
9940
9941
9944
9944
9945
9946
9948
9948
9950
9950
9953
9955
9958
9959
9959
9960
9960
9961
9961
9963
9967
9967
9968
9970
9971
9972
9973
9974
9974
9975
9976
9979
9980
9981
9983
9985
9985
9988
9988
9989
9989
9990
9992
9994
9994
9995
9995
9996
9997
9998
9998
9998
9999
